           0   572900.49935131019     
          66   572900.49935131019     

           0   572900.49935131019     
          66   572900.49935131019     

           0   572900.49935131019     
          66   572900.49935131019     

           0   515.66201561774096     
          66   515.66201561774096     

           0   572900.49935131019     
          66   572900.49935131019     

   572900.49935131019     
   572900.49935131019     
   572900.49935131019     
   572900.49935131019     
   572900.49935131019     
   572900.49935131019     
   572900.49935131019     
   572900.49935131019     
   572900.49935131019     
   572900.49935131019     
   572900.49935131019     
   5672.2821717951501     
   5672.2821717951501     
   5672.2821717951501     
   5672.2821717951501     
   5672.2821717951501     
   5672.2821717951501     
   5672.2821717951501     
   5672.2821717951501     
   5672.2821717951501     
   5672.2821717951501     
   5672.2821717951501     
   5672.2821717951501     
   5672.2821717951501     
   5672.2821717951501     
   5672.2821717951501     
   5672.2821717951501     
   5672.2821717951501     
   5672.2821717951501     
   5672.2821717951501     
   5672.2821717951501     
   5672.2821717951501     
   5672.2821717951501     
   5672.2821717951501     
   5672.2821717951501     
   5672.2821717951501     
   5672.2821717951501     
   5672.2821717951501     
   5672.2821717951501     
   5672.2821717951501     
   5672.2821717951501     
   5672.2821717951501     
   5672.2821717951501     
   5672.2821717951501     
   5672.2821717951501     
   5672.2821717951501     
   5672.2821717951501     
   5672.2821717951501     
   5672.2821717951501     
   5672.2821717951501     
   5672.2821717951501     
   5672.2821717951501     
   5672.2821717951501     
   5672.2821717951501     
   5672.2821717951501     
   5672.2821717951501     
   5672.2821717951501     
   5672.2821717951501     
   5672.2821717951501     
   5672.2821717951501     
   5672.2821717951501     
   5672.2821717951501     
   5672.2821717951501     
   5672.2821717951501     
   5672.2821717951501     
   5672.2821717951501     
