           0   38.130233646571334     
          13   38.130233646571334     

           0   49.045098501156161     
          13   49.045098501156161     

           0   27.215368791986506     
          13   27.215368791986506     

           0   24.311261348852241     
          13   24.311261348852241     

           0   59.185299327714020     
          13   59.185299327714020     

   42.002171225855207     
   28.680991790804601     
   48.123476149982032     
   24.311261348852241     
   24.311261348852241     
   40.012095151830167     
   25.025771251393170     
   44.552861698345055     
   42.640095274419913     
   28.680991790804601     
   59.185299327714020     
   36.262530337779793     
   51.904230708794309     
