           0   46.935785795301406     
          13   46.935785795301406     

           0   61.149064536569782     
          13   61.149064536569782     

           0   32.722507054033031     
          13   32.722507054033031     

           0   24.311261348852241     
          13   24.311261348852241     

           0   69.449448834671983     
          13   69.449448834671983     

   42.031113774197287     
   33.779851477579648     
   53.987213581789540     
   24.311261348852241     
   24.311261348852241     
   53.987213581789540     
   69.449448834671983     
   33.779851477579648     
   63.739137867351630     
   46.180234745538620     
   46.180234745538620     
   54.689254687825567     
   63.739137867351630     
