           0   49.112933142536335     
          13   49.112933142536335     

           0   63.090688907117617     
          13   63.090688907117617     

           0   35.135177377955053     
          13   35.135177377955053     

           0   24.311261348852241     
          13   24.311261348852241     

           0   68.396237961056073     
          13   68.396237961056073     

   42.031113774197287     
   42.031113774197287     
   56.145485187379485     
   24.311261348852241     
   24.311261348852241     
   58.781403503790557     
   68.396237961056073     
   45.036152278762700     
   49.577323613642015     
   68.396237961056073     
   66.102178385014142     
   48.312209437409578     
   45.036152278762700     
