           0   48.166126904092572     
          13   48.166126904092572     

           0   63.391740197215725     
          13   63.391740197215725     

           0   32.940513610969418     
          13   32.940513610969418     

           0   24.311261348852241     
          13   24.311261348852241     

           0   82.721736180352650     
          13   82.721736180352650     

   42.031113774197287     
   42.031113774197287     
   56.145485187379485     
   24.311261348852241     
   24.311261348852241     
   50.834176829781775     
   41.972276892909981     
   64.403422096984741     
   42.847933225785987     
   50.433742513201828     
   42.847933225785987     
   61.268193354921969     
   82.721736180352650     
