           0   38.735194721894388     
          13   38.735194721894388     

           0   48.804681399300009     
          13   48.804681399300009     

           0   28.665708044488767     
          13   28.665708044488767     

           0   24.311261348852241     
          13   24.311261348852241     

           0   58.866544484059027     
          13   58.866544484059027     

   42.031113774197287     
   42.031113774197287     
   35.241190114315728     
   24.311261348852241     
   24.311261348852241     
   58.866544484059027     
   38.213592721162854     
   35.344642036376264     
   35.241190114315728     
   32.058396882133124     
   32.058396882133124     
   50.981580399330149     
   52.867247504702064     
