           0   64.981178269722491     
          10   64.981178269722491     

           0   64.981180147688917     
          10   64.981180147688917     

           0   64.981176391756065     
          10   64.981176391756065     

           0   64.981175807319687     
          10   64.981175807319687     

           0   64.981181623109606     
          10   64.981181623109606     

   64.981175807319687     
   64.981180261307344     
   64.981180133667991     
   64.981177168906214     
   64.981177296618014     
   64.981177168906214     
   64.981175807319687     
   64.981181623109606     
   64.981178128654989     
   64.981179301415295     
