           0   89.999998874106652     
         100   89.999998874106652     

           0   90.000000723676948     
         100   90.000000723676948     

           0   89.999997024536356     
         100   89.999997024536356     

           0   89.999990099190327     
         100   89.999990099190327     

           0   89.999999946801609     
         100   89.999999946801609     

   89.999998338886357     
   89.999997358956890     
   89.999999871384162     
   89.999999659810086     
   89.999995962992443     
   89.999999857650479     
   89.999999281118860     
   89.999999699053674     
   89.999999728116109     
   89.999999793840047     
   89.999998429137264     
   89.999999735853436     
   89.999999818197637     
   89.999999740239531     
   89.999995194944191     
   89.999999906354248     
   89.999999692244359     
   89.999999239512164     
   89.999999859745742     
   89.999999729054963     
   89.999999900242102     
   89.999999532931469     
   89.999999573353605     
   89.999999509448315     
   89.999998092567168     
   89.999999786033484     
   89.999999670518761     
   89.999998304511450     
   89.999999752708646     
   89.999999718086059     
   89.999999764035749     
   89.999999909872713     
   89.999999613265047     
   89.999999527628205     
   89.999999856192474     
   89.999999812371740     
   89.999995194944191     
   89.999999721153557     
   89.999998457157801     
   89.999990099190327     
   89.999999735715335     
   89.999999709309975     
   89.999999807158304     
   89.999998749779181     
   89.999999813246347     
   89.999999825311079     
   89.999999834558295     
   89.999993464449517     
   89.999999260802298     
   89.999999533798857     
   89.999999817383681     
   89.999999277343932     
   89.999995441011180     
   89.999998698857326     
   89.999997560052222     
   89.999999784541828     
   89.999998365413063     
   89.999999912952447     
   89.999998627088075     
   89.999999499007941     
   89.999998777913348     
   89.999993464449517     
   89.999995441011180     
   89.999999845588945     
   89.999998241643866     
   89.999999713056098     
   89.999999836952881     
   89.999998048056540     
   89.999999738603634     
   89.999999850322837     
   89.999999810454895     
   89.999998531734946     
   89.999999335611392     
   89.999999772299063     
   89.999999893994143     
   89.999999946801609     
   89.999999297195828     
   89.999998338886357     
   89.999990099190327     
   89.999999763099723     
   89.999999824519534     
   89.999999638702050     
   89.999999423971431     
   89.999999473847922     
   89.999995839270753     
   89.999999878390682     
   89.999999266065231     
   89.999999901205328     
   89.999998357151810     
   89.999999577464678     
   89.999999945487104     
   89.999999801503876     
   89.999999707144752     
   89.999999426119956     
   89.999999480249457     
   89.999999746561713     
   89.999999756007128     
   89.999997517847547     
   89.999999932470416     
   89.999999758728634     
