           0   96.379370208439440     
          10   96.379370208439440     

           0   96.379370208440804     
          10   96.379370208440804     

           0   96.379370208438075     
          10   96.379370208438075     

           0   96.379370208437820     
          10   96.379370208437820     

           0   96.379370208442253     
          10   96.379370208442253     

   96.379370208437820     
   96.379370208438559     
   96.379370208439425     
   96.379370208439738     
   96.379370208441472     
   96.379370208439596     
   96.379370208437820     
   96.379370208439042     
   96.379370208438871     
   96.379370208442253     
