           0   96.379370123964478     
          10   96.379370123964478     

           0   96.379370184295084     
          10   96.379370184295084     

           0   96.379370063633871     
          10   96.379370063633871     

           0   96.379370076227644     
          10   96.379370076227644     

           0   96.379370262834300     
          10   96.379370262834300     

   96.379370076227644     
   96.379370213510981     
   96.379370262834300     
   96.379370076227644     
   96.379370098328749     
   96.379370086952278     
   96.379370123020252     
   96.379370076393755     
   96.379370110992923     
   96.379370115156235     
