           0   96.379370206816432     
          10   96.379370206816432     

           0   96.379370207681333     
          10   96.379370207681333     

           0   96.379370205951531     
          10   96.379370205951531     

           0   96.379370205504117     
          10   96.379370205504117     

           0   96.379370208577072     
          10   96.379370208577072     

   96.379370208577072     
   96.379370207183555     
   96.379370206417718     
   96.379370206844925     
   96.379370206724857     
   96.379370205504117     
   96.379370205504117     
   96.379370206897846     
   96.379370206907041     
   96.379370207602932     
