           0   89.999999584329316     
          20   89.999999584329316     

           0   89.999999866391605     
          20   89.999999866391605     

           0   89.999999302267028     
          20   89.999999302267028     

           0   89.999999396855429     
          20   89.999999396855429     

           0   90.000000712363700     
          20   90.000000712363700     

   89.999999511492732     
   89.999999522584048     
   89.999999482742638     
   89.999999541235198     
   89.999999396855429     
   89.999999396855429     
   89.999999468433217     
   89.999999510481246     
   90.000000712363700     
   89.999999965576976     
   89.999999598182001     
   89.999999487971792     
   89.999999530588298     
   89.999999521472375     
   89.999999482742794     
   89.999999480255298     
   89.999999594163327     
   89.999999469513924     
   89.999999511492717     
   89.999999501583034     
