           0   98.213210541275117     
           8   98.213210541275117     

           0   98.213210548368764     
           8   98.213210548368764     

           0   98.213210534181471     
           8   98.213210534181471     

           0   98.213210538592463     
           8   98.213210538592463     

           0   98.213210560043152     
           8   98.213210560043152     

   98.213210560043152     
   98.213210538592463     
   98.213210538594495     
   98.213210538592463     
   98.213210538593415     
   98.213210538592463     
   98.213210538599924     
   98.213210538592463     
