           0   38.583363537543079     
        1000   38.583363537543079     

           0   39.641560233452466     
        1000   39.641560233452466     

           0   37.525166841633691     
        1000   37.525166841633691     

           0   34.435438463250136     
        1000   34.435438463250136     

           0   41.364988397501570     
        1000   41.364988397501570     

   38.708112333133968     
   38.505139161381386     
   38.676347230518559     
   39.221827276902310     
   40.483153671671154     
   38.947992297341123     
   37.460399855607974     
   37.931851700887172     
   39.818053502009462     
   40.799909874064376     
   38.211287569910006     
   39.004226388624595     
   38.406599896232670     
   40.163634702914827     
   37.796729646372398     
   39.594734592019726     
   39.450478958233049     
   38.826914890387215     
   37.249191270862099     
   38.506156548817707     
   38.736736789642691     
   38.211287569910006     
   38.142902677162276     
   37.117135112630159     
   39.823732011649490     
   36.564278925472031     
   38.646188956649041     
   39.282202064919360     
   36.581414561569609     
   36.682635258989585     
   39.003242783657505     
   38.676347230518559     
   37.923803399918469     
   39.518812129712089     
   39.683644082360686     
   39.268520499250315     
   37.065945905210683     
   37.305504063044616     
   38.151140596049189     
   37.200027703450075     
   39.070007831788665     
   37.269440214042625     
   37.301730574763596     
   39.283506418396826     
   40.141106070559324     
   36.670847427730401     
   38.692844344505964     
   38.471412894554014     
   40.415366616245208     
   36.192421968500078     
   38.587493860513057     
   36.564278925472031     
   39.280960682042227     
   40.046774852726386     
   38.410546249404582     
   38.842874621934030     
   39.616150208157094     
   36.581414561569609     
   39.037671717839544     
   35.297347902505045     
   38.152176476769881     
   38.583642595713066     
   38.684385315909324     
   37.587240692727605     
   37.185915986530347     
   39.582944785618658     
   39.046475668291698     
   39.390396139308336     
   37.200027703450075     
   40.134350829731957     
   38.656917140685650     
   38.300567936467822     
   39.877193597333424     
   39.736615813912273     
   37.652828813812100     
   38.748917646762095     
   39.221572691258174     
   40.463180814856813     
   38.051019576965061     
   39.771348956750565     
   40.160428350025349     
   40.162646935798136     
   39.821100966648125     
   39.221827276902310     
   41.118214880373237     
   40.078766048698618     
   37.589119574337154     
   37.400045806710281     
   39.954142401887630     
   40.525581871039947     
   37.940027596056751     
   39.084213414507580     
   38.300567936467822     
   39.100688466263428     
   39.574794024338239     
   40.643127669128198     
   38.537919863116123     
   38.144169689929527     
   38.432223053778408     
   37.858970297984555     
   38.565407287211492     
   38.587493860513057     
   37.775708479240500     
   37.352908819370718     
   36.951267391064263     
   37.447720044586070     
   37.361178153303264     
   38.265014964393544     
   38.385354449352327     
   40.299075951905905     
   40.393701876502114     
   38.959770730261148     
   39.461250977823738     
   38.014246520046271     
   39.532521678282158     
   36.848912206008222     
   37.931851700887172     
   36.852174661151096     
   36.682635258989585     
   38.379126832901022     
   39.976287556109085     
   39.446260222789483     
   37.117135112630159     
   39.297262865433119     
   39.594734592019726     
   39.011887825640464     
   38.978705698251979     
   38.116261975909104     
   38.003406948470847     
   38.285704950956209     
   38.946149347564194     
   37.924292462532740     
   39.608797584892301     
   40.319427765376368     
   38.474186681264634     
   37.352908819370718     
   39.320608174741501     
   39.301348487028534     
   36.912110846026565     
   39.003242783657505     
   37.947238209354680     
   40.111498377148266     
   39.936202446705209     
   39.540441914366973     
   38.382548835458728     
   39.278752443576245     
   38.471412894554014     
   38.151140596049189     
   38.827778606216981     
   38.152176476769881     
   37.269440214042625     
   40.165440358657861     
   38.542459775512690     
   39.909452126766169     
   35.852394401091551     
   39.421495468208192     
   37.447720044586070     
   39.037671717839544     
   36.192421968500078     
   38.656917140685650     
   39.661855565662499     
   39.752398730773955     
   38.074331486301013     
   36.352055795114701     
   37.589119574337154     
   38.743242336537421     
   37.729376047916148     
   39.769379702732707     
   39.321625874677238     
   39.043705404111819     
   38.948765354157523     
   37.065945905210683     
   37.587240692727605     
   37.961058388666743     
   39.480437245367966     
   37.797939074518034     
   39.320608174741501     
   39.365446945557139     
   38.537532025890407     
   38.406599896232670     
   40.162646935798136     
   38.146965867771449     
   39.304648456476500     
   39.582944785618658     
   37.666496873713392     
   38.746906652427242     
   37.796729646372398     
   39.690876906264180     
   37.858970297984555     
   39.064673175330839     
   41.264634100604674     
   37.775708479240500     
   36.352055795114701     
   38.552701293252397     
   38.565953026428055     
   37.361178153303264     
   38.845080564752095     
   40.160762863561359     
   38.034934838259744     
   38.827778606216981     
   39.372781256539447     
   41.258651262240186     
   38.734555364553238     
   40.133159307803396     
   40.147616326868530     
   36.889190897260306     
   35.738921456778435     
   37.711374610138819     
   39.512572062548514     
   38.565407287211492     
   39.463606986283246     
   39.636204045044913     
   39.291556141261495     
   38.095069038002350     
   36.159298945409688     
   39.601037694785958     
   38.265014964393544     
   39.314726967221446     
   37.923803399918469     
   40.203500944635479     
   36.116029397833870     
   38.779352702815004     
   38.453854408352434     
   39.491965949055697     
   38.826914890387215     
   38.747170360960553     
   35.297347902505045     
   39.835470062298995     
   38.974897403932147     
   38.142902677162276     
   39.833475277692905     
   36.848878209626974     
   38.542459775512690     
   38.802587688147042     
   38.471782934181327     
   37.918826113699659     
   37.779090694245674     
   38.597739361163562     
   36.768209968123131     
   38.405081019254823     
   37.077942624474709     
   39.307211967730190     
   37.565151961136173     
   36.159298945409688     
   39.160209622884175     
   40.025189780625418     
   40.481915573497510     
   39.055144939361512     
   38.014246520046271     
   39.630281579378931     
   38.006943828675688     
   40.541203352509513     
   38.482804633485429     
   39.134191043092102     
   38.379126832901022     
   37.973454063789283     
   37.634443816222749     
   38.411893028312299     
   38.358348255764248     
   39.280960682042227     
   37.964743743255468     
   38.178546593481371     
   39.545025849061247     
   39.319891037218298     
   38.115658000895969     
   36.848912206008222     
   39.603091894744502     
   38.797270139532003     
   39.349475024801841     
   37.661876703671524     
   39.297364116779136     
   36.951267391064263     
   38.599701089602561     
   39.491086225879215     
   38.227704942290394     
   38.027659878148256     
   37.940027596056751     
   39.365032041600401     
   37.078707082927480     
   39.113888093882281     
   39.315198065084218     
   37.971950650470546     
   36.004148690906575     
   39.712937869200438     
   38.968690064754313     
   39.182671474933798     
   40.328267483216052     
   40.199943895839809     
   38.397864937779985     
   39.217917810333283     
   39.024116316498677     
   39.406659930132420     
   38.552701293252397     
   37.254994558180655     
   39.569608648497862     
   38.227704942290394     
   38.715284674706851     
   38.916731713728389     
   39.861177937986398     
   39.020194586382289     
   38.453854408352434     
   40.298303311270629     
   39.852012633468533     
   39.735233765324864     
   38.197662042112050     
   38.455887393109506     
   39.587750091027353     
   38.790316628470542     
   39.372784183183917     
   37.890093776523010     
   38.782519631321996     
   36.948135600188074     
   38.074331486301013     
   36.985200899358688     
   37.230946127874482     
   37.631872472182216     
   38.206368853516075     
   38.308182463132567     
   37.909917070880127     
   38.090592934313548     
   39.909452126766169     
   38.765084856981758     
   37.305504063044616     
   38.631237032624398     
   36.852174661151096     
   40.153833055357488     
   40.083464096535565     
   38.166391684706497     
   37.805420501151090     
   38.222532162645926     
   36.331131959349172     
   37.703094969454590     
   39.283632878157441     
   38.557569125348984     
   38.767283235349772     
   37.195692784198798     
   39.835470062298995     
   38.432223053778408     
   38.911197942678534     
   38.721375606053918     
   38.939672670537107     
   38.482804633485429     
   38.834694265716998     
   39.160209622884175     
   37.991494777238778     
   37.877867774624931     
   39.449109391727781     
   38.358348255764248     
   38.175226507108967     
   40.237013701392527     
   38.178546593481371     
   40.263385501903095     
   35.852394401091551     
   37.096075955844178     
   40.025189780625418     
   37.410801535716068     
   38.948765354157523     
   39.602856377753994     
   35.738921456778435     
   36.331131959349172     
   37.485771886118698     
   39.134682198148425     
   38.099393341579137     
   38.051019576965061     
   36.670847427730401     
   38.034934838259744     
   38.797270139532003     
   36.850959677643708     
   38.802587688147042     
   39.385938368338678     
   39.517917519942905     
   38.746906652427242     
   36.889190897260306     
   37.340105965300673     
   39.960758298289036     
   39.527281637371864     
   39.689384344537743     
   39.217557872024315     
   39.208776362832552     
   38.273789491344701     
   38.678212742777404     
   39.936464900548835     
   37.797939074518034     
   37.324669681833832     
   38.909288370373730     
   39.461451270618035     
   39.030849713515636     
   40.210566128778694     
   38.289447947630222     
   37.815791720261579     
   38.379832913755841     
   36.004148690906575     
   38.706095605062622     
   38.613614696754865     
   39.669081088297915     
   38.326102512198077     
   39.051012275539826     
   39.876518599241990     
   37.742672236790888     
   38.782519631321996     
   36.978252902976308     
   39.509287359547940     
   37.254994558180655     
   38.197662042112050     
   36.957974675982257     
   37.725108256416178     
   38.405081019254823     
   37.301730574763596     
   39.283506418396826     
   37.352950441436370     
   38.027659878148256     
   38.972997627335239     
   40.724279336246227     
   39.766523178786962     
   38.455887393109506     
   38.684385315909324     
   37.078707082927480     
   39.961825565777765     
   38.696229986789653     
   39.891121937893679     
   36.948135600188074     
   37.574833959582591     
   37.856961095289606     
   39.836206081945399     
   39.426361115195895     
   38.470999089735173     
   37.077942624474709     
   37.805420501151090     
   37.902209487493103     
   37.185915986530347     
   38.397816754686566     
   38.942716093639888     
   39.232332135983974     
   36.957974675982257     
   38.867844078874519     
   39.314726967221446     
   39.740160937751561     
   37.938642903685825     
   39.822292870243139     
   37.652828813812100     
   38.320011817856937     
   41.364988397501570     
   37.918826113699659     
   38.618723248247832     
   38.374812385695812     
   38.764184267658742     
   38.511208846497986     
   39.301249104600878     
   40.019990590130739     
   38.308578971585490     
   39.257193475584856     
   36.629570303945890     
   39.182671474933798     
   39.968415363208983     
   39.282630133396530     
   38.397864937779985     
   39.217917810333283     
   38.937620809643676     
   38.510185618322318     
   38.742359514033787     
   39.134682198148425     
   38.099393341579137     
   38.166391684706497     
   40.263059396093979     
   38.049593280143384     
   39.622467043995833     
   39.277566550697784     
   36.195915995257110     
   38.673947845929135     
   38.440565880616006     
   39.735233765324864     
   40.253360737926975     
   40.248100327235527     
   38.374812385695812     
   37.634443816222749     
   38.070716513170083     
   36.116029397833870     
   39.599107513561322     
   38.079853928470911     
   39.412968131558856     
   39.614494117892704     
   36.908443794272607     
   38.264394084638084     
   38.912030819135857     
   39.089139663857061     
   37.273982066484898     
   36.399373049589009     
   40.717675249865160     
   37.096075955844178     
   38.031079341626850     
   40.028933866913754     
   38.272963844891343     
   37.400045806710281     
   38.635715780186977     
   38.798632632973323     
   38.374322216974420     
   39.257136598368938     
   39.307211967730190     
   38.146965867771449     
   38.759925247441998     
   39.897626251344370     
   38.014335328249146     
   36.850959677643708     
   37.709512008951705     
   37.195692784198798     
   39.229864084376317     
   39.819079484493329     
   39.267870379231333     
   40.309915083839329     
   38.406036365912229     
   37.485771886118698     
   37.321913451372488     
   38.340662238000554     
   39.189281367380296     
   38.273789491344701     
   38.175226507108967     
   38.006943828675688     
   37.938642903685825     
   37.912343823543281     
   39.229713481576141     
   39.313327804277705     
   38.471782934181327     
   37.631872472182216     
   37.340105965300673     
   38.901123260013790     
   40.470524378356892     
   39.090980062492051     
   37.226804070275918     
   38.379832913755841     
   38.621765983879477     
   37.854275411205812     
   39.051012275539826     
   39.042155231902989     
   39.001985342842055     
   37.966387424267261     
   39.089139663857061     
   40.535237859740953     
   38.208180062254705     
   37.961058388666743     
   40.117413171617038     
   40.520845823064228     
   38.280798535469799     
   39.221145069292596     
   38.358877120185838     
   39.797906014832748     
   39.261336424926121     
   38.610618310687684     
   40.360848939216012     
   39.317126486700154     
   37.523323319534882     
   37.711374610138819     
   37.300500929438705     
   38.618723248247832     
   39.724003105035699     
   38.559106516200330     
   40.326354292437792     
   37.892370478229232     
   37.791536578156148     
   38.033016650488172     
   37.328953231147686     
   37.872081778345958     
   39.204383833087405     
   37.410801535716068     
   39.405942039166256     
   39.461678918653512     
   39.160780853582509     
   37.971950650470546     
   36.848878209626974     
   39.560972350355811     
   39.822969982600441     
   39.307097058853330     
   39.349344564723452     
   40.193948564135965     
   39.171431909155800     
   37.964743743255468     
   38.320011817856937     
   39.207404745635721     
   38.969764865904388     
   38.095069038002350     
   36.797796908104417     
   38.757864002412333     
   37.324669681833832     
   37.909917070880127     
   39.055144939361512     
   37.805195052640734     
   38.696229986789653     
   38.355728971532500     
   38.728084142987370     
   37.574833959582591     
   38.730519877511739     
   39.056087397572810     
   38.807213660949166     
   38.469360074437034     
   40.110492641662226     
   38.256533313619570     
   37.566911599932283     
   39.461716082593043     
   38.504133729974193     
   36.985200899358688     
   39.044814599476709     
   39.657595158389412     
   39.555282523589050     
   38.326102512198077     
   38.092714857449984     
   37.697229329216100     
   38.948826662200126     
   38.289447947630222     
   38.621765983879477     
   38.541317969359561     
   39.045875508503975     
   37.321913451372488     
   38.712250008238883     
   39.843458749223608     
   38.511208846497986     
   36.887817873054253     
   38.839114279733863     
   39.116948907299843     
   38.607980753371827     
   38.312390134472395     
   39.570709311692809     
   37.727624461306185     
   37.496736546503520     
   40.245209588309741     
   39.283740496344379     
   38.492446328207237     
   39.385938368338678     
   38.208180062254705     
   37.912343823543281     
   39.639811448866716     
   40.541952833336566     
   39.711748218973369     
   37.230946127874482     
   39.073534918008733     
   38.206368853516075     
   36.195915995257110     
   37.753665955006092     
   37.226804070275918     
   36.038722920815800     
   38.933816832013918     
   38.442096592489207     
   36.970061480817733     
   35.106446044382309     
   38.070716513170083     
   37.542479107667987     
   38.510185618322318     
   37.721039198357239     
   39.143626140944285     
   38.402842679730874     
   39.189281367380296     
   38.969764865904388     
   38.280798535469799     
   40.498164312620268     
   37.856961095289606     
   36.399373049589009     
   38.728995406134096     
   37.815791720261579     
   38.733984995303480     
   38.939672670537107     
   38.804189064231075     
   39.669771702342281     
   38.456682680563972     
   37.725108256416178     
   39.051405994188684     
   37.224727981128524     
   37.617831883001749     
   39.775841002972285     
   38.950698536091878     
   39.833125359508806     
   39.226913928927694     
   37.259891723630936     
   38.006142636205418     
   38.611639359789947     
   38.450313351726969     
   38.972997627335239     
   39.840405926603019     
   37.070619701657407     
   39.869064443655553     
   38.747170360960553     
   38.613614696754865     
   37.985439712870786     
   39.654575395154488     
   37.981227438449487     
   38.269317814739011     
   40.150883632019173     
   39.670996508767907     
   36.825394509369062     
   40.075926182299064     
   39.175605689520481     
   38.631237032624398     
   37.300500929438705     
   39.948858683362992     
   38.637476661828352     
   37.791536578156148     
   38.348019797257827     
   38.649489450661328     
   38.433214081940143     
   38.504404717602377     
   37.854275411205812     
   39.045875508503975     
   37.523323319534882     
   39.403650181421064     
   36.844335262016493     
   39.461451270618035     
   38.256533313619570     
   38.133603198250341     
   40.220809387787909     
   40.056328722535795     
   38.847404045108924     
   40.028933866913754     
   39.312306870931479     
   39.821438395988125     
   40.002729503700969     
   39.307116698946480     
   37.816334831924699     
   38.568729424995126     
   39.148226124763490     
   39.771788930449105     
   39.968669963601513     
   38.527268196434967     
   37.769432230913061     
   39.214934870471296     
   39.308110950214541     
   39.154084435695353     
   37.892370478229232     
   37.235703412635587     
   38.033016650488172     
   37.328953231147686     
   38.031926052876472     
   39.312306870931479     
   37.916089961178891     
   35.106446044382309     
   38.607438003939919     
   37.721039198357239     
   38.362860821747297     
   39.018063329088896     
   38.741870748002391     
   38.884693175869280     
   38.857294930618188     
   39.156881464746029     
   38.056549471927049     
   39.125303582556484     
   37.273982066484898     
   40.064436263713276     
   38.759776038573293     
   37.575602224546842     
   38.397692210604177     
   39.382968672759063     
   36.422199199831766     
   38.544169629717288     
   39.312001579466774     
   38.568704405849246     
   37.805195052640734     
   39.237516036423195     
   37.826455269529085     
   39.093768947704405     
   40.498125831035495     
   38.402842679730874     
   38.014335328249146     
   39.336657403464258     
   38.887991024910683     
   39.788462121187337     
   38.559106516200330     
   39.184397413350084     
   37.792309409371569     
   39.988157389463559     
   37.476376873644355     
   40.138305267972868     
   37.191964967909946     
   35.996516096672472     
   39.160819546387543     
   38.867844078874519     
   38.450313351726969     
   39.584960821627583     
   39.506705640195342     
   37.565725980363659     
   39.382968672759063     
   39.287269256842706     
   39.734182740492265     
   38.061601596075434     
   39.032369757646343     
   38.645144449892044     
   37.224727981128524     
   40.607094256202437     
   39.277566550697784     
   37.070619701657407     
   40.091231244320241     
   39.645143863274896     
   38.757864002412333     
   37.496736546503520     
   36.825394509369062     
   38.469360074437034     
   38.942451764026778     
   39.404535994960092     
   38.708112300591274     
   34.435438463250136     
   38.728084142987370     
   39.143626140944285     
   39.783634100061612     
   39.063360034944857     
   37.552322236738249     
   39.340411841722329     
   37.686442909723851     
   37.753665955006092     
   37.156398073780913     
   39.875063056161345     
   39.082638482664990     
   37.727624461306185     
   39.501265282606283     
   39.318567321738534     
   38.919533831579081     
   38.956361728428021     
   39.474674057228505     
   36.861637341635166     
   38.788225535774728     
   38.308578971585490     
   38.116894695240028     
   37.270140960750773     
   38.083060316103889     
   36.656471636546215     
   38.599484916773285     
   39.598049266654236     
   36.887817873054253     
   37.816334831924699     
   38.977883504217431     
   39.317126486700154     
   38.379733755331117     
   37.977894839101104     
   39.359575858100129     
   39.355617206100668     
   39.125303582556484     
   36.768209968123131     
   37.649311133812837     
   37.994190663225332     
   38.185376577634003     
   39.398728615909754     
   38.802158465904107     
   38.527268196434967     
   38.442096592489207     
   38.919533831579081     
   39.852582063952873     
   38.977883504217431     
   40.138785825613184     
   39.195336641447390     
   37.575602224546842     
   38.838749844889492     
   37.270140960750773     
   39.160780853582509     
   36.656471636546215     
   39.510381863109956     
   39.042155231902989     
   37.542479107667987     
   37.966387424267261     
   37.773401707083508     
   38.515821587463059     
   39.765137655562704     
   39.356420222540571     
   37.191964967909946     
   39.828366601044877     
   37.760443008700385     
   38.599484916773285     
   39.650096898278136     
   38.265045608923550     
   37.319246456111642     
   38.312390134472395     
   37.476376873644355     
   39.148226124763490     
   37.804297488209208     
   38.873045393764869     
   36.844335262016493     
   39.051405994188684     
   39.751768875867725     
   39.308110950214541     
   39.269329624573764     
   38.742359514033787     
   39.558961733794682     
   38.992389712046084     
   38.878972264692230     
   37.872081778345958     
   39.109733876857796     
   37.981227438449487     
   38.265045608923550     
   37.773401707083508     
   39.020194586382289     
   38.871552851159556     
   39.672333930422845     
   38.725590924180835     
   39.711748218973369     
   38.061601596075434     
   38.248457465068775     
   38.645144449892044     
   40.210711965921170     
   38.283065792276076     
   38.554945117460171     
   37.608350688056248     
   38.504404717602377     
   39.462729836496997     
   40.847622325056385     
   39.726771290684674     
   38.030797967285011     
   38.300053560172486     
   38.839193296205401     
   37.742672236790888     
   37.531970868821652     
   35.996516096672472     
   39.757683473664287     
   37.769432230913061     
   38.056549471927049     
   39.063360034944857     
   37.552322236738249     
   39.340411841722329     
   39.646025178988488     
   40.314267752635729     
   37.156398073780913     
   39.677416068635324     
   38.697711193727848     
   38.544169629717288     
   38.720132942846931     
   39.084266616691131     
   36.026337170593337     
   39.160819546387543     
   37.649311133812837     
   37.697229329216100     
   39.425598462934211     
   38.560440727435768     
   39.906439083489289     
   38.128585228319750     
   37.936960687138587     
   39.214934870471296     
   38.470999089735173     
   39.270575806549346     
   39.675273086660788     
   38.855627245537789     
   38.083963440941730     
   41.257160814975869     
   40.193228781035877     
   37.977894839101104     
   37.030621052258930     
   37.696933281891148     
   38.983012326307076     
   38.798931289734178     
   39.270935522621450     
   38.733984995303480     
   38.950698536091878     
   37.531970868821652     
   39.168595888432904     
   38.990827837260561     
   37.398926990789455     
   36.026337170593337     
   39.158368227428866     
   37.617831883001749     
   39.521687059313201     
   38.317014367316858     
   38.717907894896740     
   39.697706446651772     
   36.422199199831766     
   38.410381646297019     
   39.312001579466774     
   39.823222012071433     
   39.501067294233764     
   39.327575814825941     
   38.379733755331117     
   37.319246456111642     
   39.427476640964876     
   38.287885398932040     
   39.356420222540571     
   39.713830360728998     
   38.167137422134182     
   37.760443008700385     
   40.423017356558923     
   38.348391631276350     
   39.918357648698098     
   39.115568486772723     
   37.565725980363659     
   40.109891643474981     
   40.291161003011929     
   37.388291554967353     
   37.030621052258930     
   39.553776386209371     
   39.474674057228505     
   39.751768875867725     
   34.435438463250136     
   38.560440727435768     
   38.116894695240028     
   38.128585228319750     
   39.898910715235417     
   40.071511532035508     
   38.522724703034633     
   37.798787580527268     
   39.109879526672472     
   38.855627245537789     
   38.283065792276076     
   38.515821587463059     
   40.224047590569050     
   39.480660065568195     
   37.388291554967353     
   39.291937294660173     
   37.696933281891148     
   38.167137422134182     
   38.804136956324712     
   40.329989442997764     
