           0   98.213210471818030     
           8   98.213210471818030     

           0   98.213210478031968     
           8   98.213210478031968     

           0   98.213210465604092     
           8   98.213210465604092     

           0   98.213210468229533     
           8   98.213210468229533     

           0   98.213210482641216     
           8   98.213210482641216     

   98.213210468229533     
   98.213210482520310     
   98.213210468234948     
   98.213210468229633     
   98.213210468229633     
   98.213210482641216     
   98.213210468229533     
   98.213210468229533     
