           0   86.928194770683277     
           8   86.928194770683277     

           0   86.944676773061545     
           8   86.944676773061545     

           0   86.911712768305009     
           8   86.911712768305009     

           0   86.921020028039166     
           8   86.921020028039166     

           0   86.971687961535707     
           8   86.971687961535707     

   86.971687961535707     
   86.923037093267354     
   86.921020028039166     
   86.922204431317255     
   86.924535099891216     
   86.921020028039166     
   86.921028546881331     
   86.921024976495048     
