           0   38.605823798424098     
        1000   38.605823798424098     

           0   39.701424874400757     
        1000   39.701424874400757     

           0   37.510222722447438     
        1000   37.510222722447438     

           0   35.530691906757497     
        1000   35.530691906757497     

           0   41.719659386332616     
        1000   41.719659386332616     

   40.273016245323561     
   40.192245726598010     
   40.769474256604909     
   38.084723052596651     
   39.385605237757048     
   38.449564640938377     
   39.829388263221887     
   37.577956472059711     
   38.561174565304256     
   40.336224791432493     
   39.754280639430775     
   38.367251819141202     
   38.969563789923967     
   39.362401744851852     
   39.311484977432279     
   39.749012193463003     
   38.662161467528854     
   36.955508901805942     
   37.761608181128054     
   38.929191221394710     
   38.089687258801199     
   39.124056862474468     
   38.294548678596648     
   40.044580505322330     
   37.303461375200257     
   37.656491044796823     
   38.155424354966300     
   39.304789403717884     
   38.820383635767016     
   37.824545199330665     
   40.084530019514879     
   37.514106185058516     
   39.460589327650027     
   37.986869777924831     
   38.490568984923122     
   38.392156131671655     
   38.420042031649679     
   38.039001747923905     
   38.069857843388455     
   37.547991274832775     
   37.073694943276180     
   38.752794876700044     
   38.267944127667249     
   39.424291265378244     
   39.021429143411851     
   38.149319229871274     
   39.431970578305155     
   39.440323281168830     
   40.056574141666140     
   39.325016053398606     
   37.543704388027727     
   40.624776798455947     
   39.285505808977142     
   39.498219945714695     
   38.121470497744198     
   38.530461565249283     
   37.405916435546601     
   36.898179332814294     
   37.440084628073315     
   39.150393873276919     
   38.519664587416983     
   38.750208410988890     
   37.561876608973009     
   38.851664091999261     
   38.039001747923905     
   36.962891441726889     
   39.192471388394438     
   36.633415023895857     
   40.190746636694094     
   38.860585788827343     
   40.154577539873429     
   39.818165993939459     
   38.608445326274762     
   38.727732463683239     
   39.289076500134669     
   38.809332982981815     
   38.241306983755337     
   37.044335752768802     
   39.255442823768931     
   39.335559660579598     
   39.285206785676280     
   40.735910152799768     
   39.770225023598883     
   36.898179332814294     
   39.128684338495674     
   39.726154383304589     
   38.392156131671655     
   37.824747762794864     
   36.532276632453254     
   38.061969265015904     
   38.248119720703365     
   39.598903917594519     
   37.533322021843922     
   38.377883743645427     
   38.351247057490369     
   38.589150607448993     
   38.303378507760733     
   38.587232129736691     
   37.200452750685514     
   38.163660638715292     
   39.832053133095663     
   39.254289096922605     
   38.623307869262440     
   38.093179818209599     
   38.171659279600256     
   39.714642334469985     
   36.924872956130834     
   39.870204675449777     
   38.274047017458848     
   39.194882616137377     
   38.729529440029410     
   38.962113689248120     
   39.631336035690055     
   35.900064615137055     
   38.012360003903943     
   39.928108655529996     
   38.307106291083727     
   39.197530193919036     
   38.155424354966300     
   39.557499404072168     
   36.519123912964147     
   37.334711629395862     
   38.433364462179135     
   38.013235777378789     
   38.141939568108207     
   36.654852126486986     
   38.490134609618160     
   39.570974970429965     
   38.731951564177663     
   37.672959142993882     
   39.564734899781115     
   39.072984151506517     
   39.053802791935269     
   39.433713188903212     
   39.665166651690768     
   37.469621162656253     
   37.878696635821782     
   36.542719479268861     
   38.308016002577162     
   38.137605025358575     
   39.335559660579598     
   39.791514367207483     
   39.004847890002495     
   38.597263191691681     
   38.969563789923967     
   39.753422221869677     
   38.343263622736281     
   38.265056198550006     
   40.478298325712117     
   39.425511272395021     
   38.831877445152095     
   37.351099365884622     
   38.928660734109350     
   38.254487721945750     
   37.967319656458457     
   39.589435044102856     
   38.963902919387607     
   38.398866677380639     
   40.653737324080325     
   40.419705752350580     
   37.784395137575025     
   38.983552252144094     
   39.056405477388459     
   38.452494978815849     
   40.073010548226108     
   36.848164274204926     
   35.900064615137055     
   38.984682543586125     
   37.640335794680048     
   37.091039429692870     
   38.266197598178316     
   39.729709930231110     
   39.424347115129699     
   36.605938348633686     
   38.193997152374152     
   40.804328383111532     
   38.433364462179135     
   38.718808405691306     
   37.691447409494657     
   38.650084726612945     
   38.528045588310341     
   39.411473797702307     
   39.988285619165701     
   38.796700774609910     
   37.801474939216391     
   38.780880728278170     
   37.550946756122158     
   38.986668066311175     
   37.424061003435256     
   39.646590760414206     
   39.648304924896074     
   39.956858084679268     
   38.612834853734867     
   39.434519104641133     
   38.543985023526652     
   38.765523797574431     
   38.068587219038065     
   37.965398406826054     
   37.440094321838231     
   39.385605237757048     
   38.731266188643865     
   39.856609546346533     
   36.632052425532677     
   39.364789064598590     
   39.678224112246376     
   38.377883743645427     
   35.725850424684722     
   35.975785298081782     
   39.464105427900009     
   37.469621162656253     
   36.539684316803474     
   39.284883652347254     
   39.053802791935269     
   39.146822414530014     
   39.238256158432350     
   41.171352875221238     
   39.434187383156171     
   39.465571554493017     
   38.213992363764710     
   39.393852304919065     
   37.440084628073315     
   38.006109085932636     
   38.073641571850523     
   37.564670578160090     
   38.574232742502311     
   37.412679950680499     
   37.326948567010383     
   40.561713182485356     
   37.724581253135305     
   37.905692211555909     
   39.680744814371799     
   39.433024233155457     
   37.523393667885045     
   37.759480095693775     
   39.116773961937810     
   37.789688720941044     
   37.091039429692870     
   39.041628428186655     
   40.549357155880976     
   36.398064081995621     
   38.589003950925175     
   39.612020244759506     
   38.351247057490369     
   39.603507060370909     
   39.138130455863198     
   37.279009394955779     
   39.474091737702267     
   39.630018692157151     
   40.497852909440553     
   40.126585686203939     
   38.395855127252872     
   37.844631183851661     
   39.447064104396198     
   37.472257518087368     
   38.309648528372378     
   41.401407377032008     
   37.393397159067831     
   39.609056549821574     
   37.672959142993882     
   37.238464384262606     
   39.628224456615428     
   37.568890595192244     
   39.999501239731536     
   38.431691348327931     
   40.670379069216793     
   38.628371181806102     
   40.324328650201487     
   38.918562805461733     
   39.477167432323341     
   39.056935148890680     
   38.098698298578093     
   38.807820040688043     
   38.222788573798049     
   37.866224906603797     
   37.334711629395862     
   39.748410629962009     
   37.882340567667754     
   38.085647610314453     
   38.121470497744198     
   38.149113763016850     
   39.073383559993843     
   39.267869612101734     
   37.046993865555109     
   38.315898435484605     
   38.612834853734867     
   37.239627292363146     
   38.304484852860817     
   38.984358073782190     
   39.814353739293566     
   37.347910921116430     
   37.837015168902752     
   37.497937392756782     
   36.723653684070385     
   38.398866677380639     
   37.243895465436530     
   38.855153072393847     
   38.088902473032412     
   39.778634976553676     
   37.961238729642808     
   38.030450137940321     
   37.618664570611337     
   38.010659639779064     
   39.084171209205920     
   36.159660770080208     
   40.609453247744689     
   38.205507953996069     
   39.631030138539899     
   41.071448761270759     
   37.882340567667754     
   38.266197598178316     
   37.238464384262606     
   36.532276632453254     
   38.343721198537438     
   39.644836002428889     
   39.649633562742288     
   38.863165516043274     
   39.791514367207483     
   36.519123912964147     
   39.635886410855953     
   38.913064386639036     
   39.345970317229622     
   38.542492404055842     
   39.936693178142427     
   39.109746988587858     
   37.012697231800779     
   39.127376616955239     
   39.862050615866622     
   40.599905670129196     
   38.737539270649179     
   36.962891441726889     
   38.933545619247496     
   39.161586168835406     
   37.472257518087368     
   38.851389989533402     
   38.851389989533402     
   38.224459659300734     
   38.661562388001961     
   39.238256158432350     
   38.285666718323654     
   36.393517046561499     
   39.560642097013684     
   39.908053418571583     
   38.391493317273600     
   38.222788573798049     
   40.749523983309956     
   40.310707797258814     
   37.658865977334798     
   39.899519721753876     
   37.656491044796823     
   37.965001951393688     
   37.505124783223174     
   39.048596720929524     
   38.354520522168919     
   38.802322311982486     
   39.388711212285124     
   39.345615918945398     
   37.623815262514476     
   37.844740324354213     
   38.267918086194037     
   37.805829595033941     
   38.519664587416983     
   38.001685734942633     
   35.975785298081782     
   39.660184383446747     
   37.577956472059711     
   38.224459659300734     
   37.273736381179035     
   40.279516927919666     
   39.440323281168830     
   38.718808405691306     
   39.532193061294905     
   38.420042031649679     
   38.804508035477127     
   37.122818284511915     
   38.661562388001961     
   36.393517046561499     
   38.939363137613121     
   39.531503685416496     
   38.412892113920194     
   38.559602025870873     
   39.518243819324894     
   39.294841898953450     
   37.533322021843922     
   40.125787741747736     
   40.165643709995521     
   40.645956661750617     
   37.616247602877444     
   38.597308156804012     
   38.190426502666696     
   39.040762779878229     
   37.672559358307709     
   37.568890595192244     
   37.918086004963996     
   37.918086004963996     
   38.458749019418960     
   39.267869612101734     
   37.616247602877444     
   37.211859787347400     
   37.436159880014380     
   38.729745821031493     
   39.450598084588364     
   39.241267810487130     
   40.881605399988672     
   38.584196364595108     
   36.964889249194997     
   40.085555584118971     
   39.224912185294741     
   37.273736381179035     
   39.018028542114351     
   40.438995605977432     
   38.267918086194037     
   37.803992679046537     
   37.613352479141753     
   38.496222341755370     
   39.616745211653360     
   38.265056198550006     
   39.285505808977142     
   39.574308901124972     
   39.340581360614692     
   38.979794613849819     
   37.592302402407931     
   38.333924362113400     
   36.633415023895857     
   37.656924177199194     
   37.505124783223174     
   39.041610104729479     
   38.569933596515355     
   40.319507878549381     
   39.775262250965284     
   39.064428558594983     
   39.987111111166556     
   38.355377237533226     
   39.669068657473545     
   36.839679539670755     
   39.626823700918656     
   37.592302402407931     
   37.393397159067831     
   38.475603636697016     
   39.073383559993843     
   36.638596370295403     
   39.631247520987948     
   38.561174565304256     
   39.150393873276919     
   40.498210744408674     
   38.917578464968372     
   39.043120917914472     
   35.626974562399866     
   38.095339144225576     
   39.743207083128944     
   37.784395137575025     
   39.828188794692437     
   37.410093172554575     
   39.482442772586317     
   38.542492404055842     
   39.590276968708110     
   37.497937392756782     
   37.964220124898397     
   37.405916435546601     
   39.194882616137377     
   37.893879326007983     
   39.525453615300130     
   41.247948829154950     
   39.604367719082354     
   38.528045588310341     
   36.734233966321817     
   38.171659279600256     
   39.224918832039521     
   40.734741960044310     
   39.910191824927978     
   38.867597480005024     
   38.027666882522098     
   38.978854151056119     
   38.939363137613121     
   39.316062517164589     
   38.674518567057362     
   39.349476397836817     
   36.684052780985517     
   39.954776155117095     
   39.878159499988506     
   39.626651537994157     
   39.280880436269008     
   36.302342033800997     
   39.562103130627328     
   40.725055016029344     
   39.831862084211160     
   39.846463265548714     
   38.932627050658915     
   37.696284939967860     
   38.805221103413338     
   39.744253515606978     
   37.283423754119134     
   37.967319656458457     
   39.116773961937810     
   39.491099760647423     
   37.424061003435256     
   38.958465848619760     
   39.520657786435912     
   37.878898632783738     
   36.632052425532677     
   37.721202265358968     
   40.255664160978306     
   37.785382782895098     
   39.701230970407778     
   38.458749019418960     
   40.199686981708041     
   38.471413034591251     
   37.562768503559958     
   38.650084726612945     
   37.837015168902752     
   37.761608181128054     
   37.903710092537381     
   40.879769945679854     
   38.799569978750817     
   38.988750374183901     
   38.994458791219166     
   37.658341188661801     
   38.833029965832111     
   38.175529969728437     
   38.468142246262531     
   39.569605394007517     
   40.161328312900800     
   39.086113206153598     
   37.239627292363146     
   37.458614654024707     
   37.400424413660765     
   38.145279092591764     
   40.314784487773693     
   39.284280880346500     
   39.021429143411851     
   40.772020060772320     
   38.085647610314453     
   37.279591553594095     
   38.282634906356520     
   39.315886581888108     
   39.800672403410246     
   38.596065518624911     
   39.084171209205920     
   37.562768503559958     
   40.213953224910263     
   37.378213703866372     
   38.137605025358575     
   39.308077616192605     
   38.412892113920194     
   38.013235777378789     
   37.412716500100167     
   38.098698298578093     
   39.353306498217727     
   39.099773923524069     
   37.558744502818172     
   40.062941709736542     
   38.988963794409223     
   37.561520521618185     
   39.746439140738666     
   37.898599929796191     
   37.533579415181308     
   36.407375614643087     
   39.401287092518501     
   39.080079094834744     
   37.384348698947022     
   37.965398406826054     
   39.669644284607529     
   39.870008683200986     
   39.012616741209378     
   38.598634461964707     
   37.354208751028175     
   39.626823700918656     
   37.279009394955779     
   38.770851291810672     
   39.667519338128969     
   41.230748064714028     
   38.061969265015904     
   39.708976653375458     
   38.062840138205082     
   38.471657242185380     
   38.528926176228438     
   37.303461375200257     
   39.145328474749697     
   38.095339144225576     
   35.979841898158689     
   39.306864496367346     
   37.618664570611337     
   38.752794876700044     
   39.306864496367346     
   35.530691906757497     
   36.924872956130834     
   40.080207412652086     
   39.367095179249461     
   35.732139722619642     
   39.045613810169385     
   38.591637812832651     
   38.471413034591251     
   38.468142246262531     
   38.748723949323654     
   38.435053256651109     
   37.878821309197370     
   39.599234236014986     
   40.124562662693535     
   35.732139722619642     
   36.814370838064079     
   39.657825020853451     
   37.412716500100167     
   40.395045805291296     
   36.539684316803474     
   37.745505611675291     
   39.338865233827121     
   40.387967215359133     
   37.658865977334798     
   36.955508901805942     
   38.134435997350003     
   39.565677146985770     
   39.727575390559487     
   40.129223687323233     
   39.341513999623523     
   37.955160329162965     
   37.073694943276180     
   38.010659639779064     
   39.149506049996312     
   39.553155014469844     
   38.396558269018058     
   39.569605394007517     
   39.056935148890680     
   39.711803973285377     
   38.325117680997309     
   40.662474984726167     
   38.446137591021035     
   39.628131132254069     
   41.719659386332616     
   37.200452750685514     
   40.792433823259771     
   38.204683430398951     
   39.460589327650027     
   38.901537592856322     
   38.490568984923122     
   39.124352327628273     
   36.674023129128678     
   39.095507300069123     
   37.650731823255846     
   39.574308901124972     
   38.391493317273600     
   38.933999791069816     
   36.734233966321817     
   39.025623392924231     
   38.175529969728437     
   39.750871530163096     
   39.056385784378378     
   40.223765569582724     
   39.747839969247124     
   37.964220124898397     
   39.743969929859396     
   38.695519888606434     
   38.360986739349187     
   39.229730952154128     
   38.304484852860817     
   38.589411111432881     
   37.354208751028175     
   38.190426502666696     
   39.313511289805504     
   39.518243819324894     
   37.696284939967860     
   39.968484660997717     
   39.598903917594519     
   38.257729056826001     
   37.122818284511915     
   39.728436109378841     
   39.080079094834744     
   39.151102895784049     
   39.101262903580917     
   35.884888090698432     
   38.534389738391539     
   41.451431703969384     
   39.076521511924604     
   38.364668782075761     
   38.855153072393847     
   39.842493213194359     
   40.015037963667844     
   38.260687735894223     
   38.885889476096835     
   39.236720268794109     
   38.309648528372378     
   40.015037963667844     
   39.833664915006743     
   38.546347843587547     
   37.351099365884622     
   39.090260813835528     
   38.088902473032412     
   37.623815262514476     
   35.530691906757497     
   38.600074871117670     
   38.754417469718327     
   37.064367736843458     
   39.727575390559487     
   37.721202265358968     
   39.355606341911603     
   38.803570080632092     
   37.400424413660765     
   37.326828807340547     
   39.624851077505213     
   38.571516430518180     
   37.089802859644820     
   39.439379105382855     
   35.626974562399866     
   40.336322449936908     
   39.188266170511717     
   39.838198067680509     
   41.370735649491671     
   39.913913075823601     
   38.193997152374152     
   38.959450484841064     
   37.813571341594546     
   38.917643226968657     
   38.956382605506349     
   38.300448692271225     
   37.326828807340547     
   38.532950293661493     
   37.878821309197370     
   38.396558269018058     
   40.709108303120757     
   37.347910921116430     
   38.710975235493045     
   37.824747762794864     
   38.247153032290221     
   38.700967934080339     
   39.825562841020322     
   39.681460547797379     
   38.543985023526652     
   39.072984151506517     
   39.596236478500828     
   39.863088489007438     
   39.251325684817182     
   37.964893802172256     
   38.923920033474239     
   39.454582368051483     
   37.675996974766036     
   40.632377852002087     
   39.268779153045784     
   36.723653684070385     
   38.790744945676060     
   38.400593826509400     
   37.838055273944818     
   38.984358073782190     
   36.964889249194997     
   38.854599777928776     
   38.608445326274762     
   39.308516385483649     
   36.398064081995621     
   35.640641245002882     
   39.862047765769283     
   38.885889476096835     
   37.978355185990189     
   38.027666882522098     
   37.281287519574619     
   36.159660770080208     
   36.999428861348491     
   38.686817261888855     
   38.487702644839047     
   39.428240008622510     
   36.342250799653733     
   39.439131979317786     
   39.121043695031339     
   38.743509281196779     
   37.691447409494657     
   38.803570080632092     
   39.220333164789231     
   36.317982139576841     
   39.982626820668919     
   39.216820702359321     
   37.384348698947022     
   36.510192457305067     
   36.848164274204926     
   38.131930172836370     
   38.547986706197129     
   36.658174558423326     
   38.327225181001126     
   36.814370838064079     
   40.389037294672043     
   38.850769716778409     
   39.143620969560708     
   39.304789403717884     
   38.897129532383623     
   38.696169571226505     
   39.564734899781115     
   36.407375614643087     
   39.859920731303937     
   37.650731823255846     
   38.006109085932636     
   37.561876608973009     
   37.824545199330665     
   38.731181213038255     
   38.089687258801199     
   38.799569978750817     
   36.674023129128678     
   37.561065553679576     
   39.636090534202474     
   37.089802859644820     
   36.658174558423326     
   40.457753688657824     
   38.300448692271225     
   39.454582368051483     
   38.559602025870873     
   38.626697862634394     
   38.364668782075761     
   38.380629716548583     
   38.307106291083727     
   39.746840511254121     
   38.145279092591764     
   39.334853626440022     
   37.612198229623651     
   39.380259925855725     
   40.066273259206163     
   39.268779153045784     
   38.203875017208084     
   38.017398543304530     
   38.636804840996867     
   39.726154383304589     
   35.725850424684722     
   39.467852353105229     
   39.585122219621105     
   38.528926176228438     
   39.619813661677540     
   37.640335794680048     
   38.254487721945750     
   38.154654094427144     
   38.851664091999261     
   37.844631183851661     
   39.004847890002495     
   39.241267810487130     
   38.745072395371793     
   37.684156605959082     
   38.836311762850194     
   40.785462323649291     
   40.300361487338250     
   39.380724871387280     
   39.846950317412464     
   38.640397778043763     
   36.839679539670755     
   37.440094321838231     
   38.870320396833748     
   38.879057882719316     
   37.985626646512642     
   36.302342033800997     
   37.461066018640153     
   37.874414654827312     
   38.818815088649586     
   38.917578464968372     
   37.523393667885045     
   40.552725044503454     
   39.645399911103006     
   37.458614654024707     
   39.916865435850397     
   36.839508956066211     
   36.542719479268861     
   39.966894181022866     
   40.371681234807816     
   39.472271744335465     
   38.471657242185380     
   36.638596370295403     
   38.475603636697016     
   39.800672403410246     
   39.601495153383745     
   35.640641245002882     
   38.963902919387607     
   38.112495467320805     
   37.410093172554575     
   39.399204709656217     
   39.733708863520107     
   38.987568415960638     
   39.584177682928363     
   39.031526166778569     
   38.343263622736281     
   36.342250799653733     
   39.164788687295243     
   38.677997389797078     
   39.138130455863198     
   40.108928998714426     
   38.584196364595108     
   39.553456528037813     
   38.546347843587547     
   39.494290671361412     
   39.952917260255063     
   39.831862084211160     
   39.074355390839102     
   37.675996974766036     
   40.396765624640956     
   36.654852126486986     
   38.978854151056119     
   38.959450484841064     
   41.016393746731865     
   37.243895465436530     
   38.431691348327931     
   36.317982139576841     
   37.893879326007983     
   37.613352479141753     
   39.251325684817182     
   38.077431493063060     
   38.364037230341474     
   37.279591553594095     
   38.719381666672582     
   36.684052780985517     
   37.866224906603797     
   38.987568415960638     
   40.279516927919666     
   39.869812653162221     
   37.378213703866372     
   38.743509281196779     
   38.591637812832651     
   37.418274478626849     
   39.719267455123230     
   39.192854790160162     
   37.785382782895098     
   37.550946756122158     
   39.238653338689574     
   39.684975475700661     
   38.069857843388455     
   38.690184341698355     
   37.918637373974562     
   38.743619158072846     
   39.263184070794061     
   39.562103130627328     
   38.731951564177663     
   38.490134609618160     
   39.661904136079734     
   37.326948567010383     
   38.449564640938377     
   38.662161467528854     
   37.012697231800779     
   39.056385784378378     
   38.199527308007909     
   39.030713894752203     
   39.224918832039521     
   38.923920033474239     
   39.722994095620557     
   39.463115857001476     
   39.043612457797593     
   38.798077123295101     
   38.695715301846093     
   38.932627050658915     
   38.141939568108207     
   38.198688302377668     
   39.161403459811979     
   37.391779691846899     
   40.291282915750145     
   37.656924177199194     
   38.012360003903943     
   39.334853626440022     
   39.783767058307788     
   39.144476204889145     
   35.979841898158689     
   38.911266617956883     
   39.056213546857265     
   38.150573600350825     
   39.526193809317107     
   40.307548301848271     
   38.383509520659970     
   38.204795278064815     
   39.892170734739935     
   38.585675323809141     
   39.251541492503144     
   36.999428861348491     
   36.510192457305067     
   38.242023784789886     
   37.283423754119134     
   37.391779691846899     
   39.477167432323341     
   37.211859787347400     
   38.476512946255205     
   37.838055273944818     
   38.650297724647011     
   39.812879569793630     
   39.444992284223069     
   39.612020244759506     
   37.418274478626849     
   38.897129532383623     
   39.415731878171194     
   38.476512946255205     
   40.009639356287103     
   39.700004857910493     
   37.682695218424499     
   37.813571341594546     
   37.281287519574619     
   38.292449237949640     
   37.874414654827312     
   39.651127220554258     
   38.539487616919295     
   39.587957664869563     
   38.203875017208084     
   39.018028542114351     
   37.684156605959082     
   40.017992778174460     
   37.547991274832775     
   40.375080111189121     
   37.543704388027727     
   39.359312365767927     
   37.918637373974562     
   37.875732308203361     
   37.911971923658804     
   35.884888090698432     
   38.585675323809141     
   37.961238729642808     
   39.197530193919036     
   39.351722350314361     
