           0   38.592173518271643     
        1000   38.592173518271643     

           0   39.688104072870850     
        1000   39.688104072870850     

           0   37.496242963672437     
        1000   37.496242963672437     

           0   35.259944291492673     
        1000   35.259944291492673     

           0   41.475678170851921     
        1000   41.475678170851921     

   39.244868902767550     
   37.427245021008730     
   37.799655954661297     
   38.835302066080310     
   39.241002418576493     
   37.884350111667672     
   37.873019775924362     
   38.197731029656431     
   38.025975132000028     
   39.207996799356778     
   39.901494823926377     
   39.278795157527000     
   38.951678050082265     
   38.976533424411166     
   38.420860467303207     
   36.319560931362119     
   39.604691793465463     
   37.610438355587512     
   38.549171517791848     
   39.295190415950742     
   40.618188031953018     
   38.993188085347441     
   38.720296756604220     
   39.596688486934767     
   36.725282621614099     
   37.427245021008730     
   38.621684809997447     
   36.785410352206952     
   37.770468959187689     
   39.276684038943792     
   40.633728732849931     
   39.488296484127019     
   38.727437433736824     
   39.519994806183831     
   39.086186767827748     
   39.739847190968042     
   38.346144812053780     
   36.892933416360250     
   38.838590816912166     
   39.416854770384603     
   39.997637085745112     
   39.213198143446917     
   39.917669019634431     
   39.086472786042911     
   38.628837026299408     
   36.400579065653901     
   38.880033151264492     
   36.647006429223140     
   40.012106916399638     
   38.656156870719883     
   36.902182007095227     
   38.196478574565617     
   38.993188085347441     
   38.189373825548060     
   38.986750599037315     
   37.907738398611436     
   39.188315207732096     
   38.500267394168489     
   39.545105546291495     
   38.055645849361660     
   39.043081011029805     
   37.350754738336143     
   37.795930426758794     
   40.083842976193786     
   39.440346640386956     
   39.059800197974162     
   39.783529200147953     
   37.086981304041267     
   38.899162131453068     
   38.313363828295543     
   38.601198021043309     
   40.463724924996320     
   39.914300734820110     
   38.713889799642530     
   36.029099452734442     
   39.588140039914002     
   37.886125449616550     
   38.261898268466979     
   38.411733030213718     
   38.633090740380410     
   37.350754738336143     
   38.265630632954640     
   38.217066843139868     
   38.958946075717535     
   40.837696680757929     
   38.055591952805592     
   36.122974830141786     
   37.352061534860638     
   36.824589182217366     
   37.859014119796484     
   37.491455603704075     
   36.583792486321286     
   37.989736612035010     
   39.587990049968717     
   37.191719413063019     
   38.700488735732890     
   39.146053324768907     
   40.366201358887182     
   37.830073149454691     
   37.958683203745160     
   36.892933416360250     
   38.580825804435506     
   35.977649054839560     
   38.117009101314743     
   39.231851683797828     
   38.946689624531139     
   39.433022375831563     
   40.064661124683198     
   39.581663924268206     
   39.554613275858479     
   37.361886492970164     
   40.545353782061810     
   40.458566060320898     
   38.633090740380410     
   39.381408060681295     
   39.617544257931812     
   38.543503848617888     
   37.097079763688171     
   40.581777572625242     
   37.061840690936684     
   38.813192535505571     
   39.097674489720049     
   37.719424481183616     
   38.379253151901544     
   38.899162131453068     
   37.918207962652332     
   40.527045462262734     
   38.924300231972573     
   39.317974587985070     
   40.752573372116899     
   38.820088708678760     
   38.081661008913990     
   39.615139489578560     
   38.830257923499275     
   37.097079763688171     
   40.295017997154090     
   39.372234279933956     
   37.494862873276382     
   39.445995573338941     
   38.700452178486017     
   37.935099705925353     
   36.983103045590710     
   39.879919197715957     
   38.097654791498613     
   37.542591681736234     
   39.139401958424664     
   38.620868437608763     
   39.171170372782896     
   40.099173038367447     
   36.077667766960680     
   38.888095604428088     
   37.427333829925388     
   37.315884940615987     
   39.037625918240842     
   38.933601307090264     
   36.816226819104763     
   38.598287341606273     
   37.950762195749952     
   38.704002341437857     
   38.728492264469281     
   37.319611543198555     
   39.750808397008861     
   38.423353183030656     
   39.171427293292943     
   35.846904339748100     
   36.653810041860652     
   40.126345118860556     
   39.444459842913737     
   39.386488417864953     
   38.542280052736736     
   37.015338091699313     
   36.136270559025441     
   39.077510572354228     
   39.215165357853387     
   40.814157968666848     
   38.081661008913990     
   39.688449802739797     
   38.359861254541443     
   37.395955030683602     
   38.961555763617739     
   36.136270559025441     
   40.919169586715284     
   37.542591681736234     
   38.240774994493002     
   36.562315311264356     
   39.825615101470845     
   37.859014119796484     
   39.154601436645009     
   39.493907243880052     
   40.522829384789581     
   39.433022375831563     
   38.882233336841352     
   38.974708403036615     
   37.109259161451114     
   35.977649054839560     
   39.077596603319137     
   39.030519442813720     
   39.550445812300957     
   39.077604170299658     
   38.658494891779497     
   38.794233242033847     
   39.914300734820110     
   38.339900498647864     
   39.087013535541402     
   39.021335812069665     
   39.822214303467277     
   37.755915027784987     
   38.218877638661169     
   39.325781286411846     
   36.824589182217366     
   38.751242769729579     
   38.965871925108551     
   36.825570145225939     
   37.262827563221045     
   37.745810298360524     
   37.847262475465257     
   38.245076746489431     
   39.064498014977865     
   38.029288047270732     
   39.096932098739273     
   39.524020543454881     
   39.065977948108902     
   39.557245176822882     
   38.163464896427129     
   36.029099452734442     
   39.129708033393506     
   37.594097004327111     
   36.583792486321286     
   39.039363598531821     
   38.196478574565617     
   36.690572470691976     
   38.846060845333064     
   37.719424481183616     
   39.986012372942675     
   37.619138620923174     
   38.723484603575137     
   39.154601436645009     
   38.594504635839044     
   37.395955030683602     
   38.512802240988137     
   40.205460015683947     
   39.849523836660467     
   38.820088708678760     
   38.029884479274678     
   38.481109142277973     
   38.972626422534873     
   38.359861254541443     
   39.688449802739797     
   36.493815821411538     
   37.626395189934946     
   39.921119519645607     
   36.909828482929598     
   38.082782927071698     
   38.073117377636649     
   37.647106937516781     
   39.819569980092531     
   39.868925913127228     
   38.954958304371132     
   37.240136095214140     
   38.491802623060600     
   38.075770531992958     
   40.293006380080953     
   37.841850819129952     
   37.856648166517722     
   37.475827019171049     
   40.687987800851900     
   37.696465586514783     
   37.787509317170709     
   39.549099574438863     
   37.932084818697597     
   38.423353183030656     
   37.177266145787449     
   40.134238029930053     
   38.079974645941391     
   37.433400622031435     
   36.333064749029525     
   39.564149750204528     
   37.698262184175221     
   37.830073149454691     
   40.160962448671320     
   38.401252415611808     
   36.746741608361013     
   40.243968196403394     
   37.965913489298018     
   38.348583487938555     
   38.484249181749028     
   37.711716452129529     
   39.843460491084684     
   37.770468959187689     
   39.063951659011018     
   37.357924319179517     
   38.281486699733520     
   38.641717860647418     
   38.007533300425010     
   40.182595257428851     
   39.434499569060442     
   40.451347108898453     
   36.680240712079794     
   37.856648166517722     
   38.414620875608435     
   38.171847452414333     
   38.812280967707196     
   38.925321209445961     
   40.242375278219725     
   39.163373409390715     
   36.077667766960680     
   38.421441485476379     
   37.774611769714738     
   40.827602289403480     
   38.488998437654175     
   37.834650406748992     
   38.308946635032790     
   38.850656714259920     
   38.663515653525351     
   39.038103846500739     
   37.602468963903128     
   38.885230233998939     
   38.073117377636649     
   37.982028756930823     
   39.784902737141927     
   38.458067681110634     
   38.966407558658865     
   37.755915027784987     
   39.519994806183831     
   38.525093974963518     
   39.276684038943792     
   39.099251075291441     
   37.887816981674476     
   38.612724563623402     
   38.593412567812400     
   36.345162733383297     
   39.871799248841462     
   38.101487140964998     
   38.598287341606273     
   38.939814954542015     
   37.881346201564440     
   38.294264643890038     
   38.852602351246112     
   39.051729991926898     
   37.475897810755640     
   37.920901075192504     
   38.349860690953491     
   38.082914018436369     
   39.488296484127019     
   39.759229602083131     
   40.327380886718785     
   36.516437366111298     
   38.686126547702678     
   37.938120726827165     
   39.323068719224416     
   39.745135909721789     
   38.827439179283495     
   38.520103639956204     
   39.045297187656026     
   40.307314274295599     
   39.799524232606302     
   39.603442521522837     
   38.925321209445961     
   38.717422632998591     
   39.564149750204528     
   40.599713113133880     
   39.241536612017200     
   39.485404477613152     
   38.421441485476379     
   37.240808662627622     
   40.071784374606537     
   37.810572605354814     
   36.161136493257928     
   38.700488735732890     
   38.827439179283495     
   39.208632891511478     
   38.109743012099607     
   38.055645849361660     
   38.346144812053780     
   37.577733950632066     
   38.719724204091037     
   37.933322389393375     
   37.760244792905006     
   36.903837752891810     
   38.308946635032790     
   39.782692731975018     
   39.602917534949782     
   39.648118504456775     
   37.868269733850127     
   37.810572605354814     
   39.778711562817612     
   38.491802623060600     
   38.727845491349861     
   39.372234279933956     
   36.875184141337442     
   39.121022340884572     
   39.265275921070177     
   38.962762929329109     
   37.095027291171725     
   38.846060845333064     
   40.575622498827272     
   39.412194033800198     
   40.265693613605201     
   37.485866206173405     
   38.402974181300728     
   40.655775168077511     
   39.542106741023204     
   36.588840343304781     
   39.739628556005933     
   38.652532098063816     
   35.759066684598807     
   37.937936477937662     
   37.164995702786484     
   40.826009223203499     
   39.689431153007256     
   39.742172203099138     
   39.170480927699913     
   39.606136491648193     
   39.424574141019868     
   39.099280759440184     
   38.317700597867663     
   38.271248449984370     
   39.631368232707864     
   36.776060273362333     
   38.719724204091037     
   39.391833440814565     
   36.875184141337442     
   38.014724412100300     
   38.903156652415113     
   38.372318193733541     
   37.740844719609136     
   39.186175213337279     
   40.431353605635735     
   38.908043529845095     
   39.753791129279548     
   37.588942585534049     
   38.568238338854428     
   38.903156652415113     
   40.221827911341258     
   39.681082382821650     
   38.323242160169031     
   38.395248103554820     
   38.760097264190719     
   35.382606813254164     
   40.418853877562796     
   39.122102508407572     
   38.930292236781391     
   38.706915268380058     
   38.025975132000028     
   35.259944291492673     
   39.394141984402914     
   39.163146136694266     
   38.652532098063816     
   36.283886919989762     
   35.382606813254164     
   39.143916787106662     
   39.389835149208416     
   38.512802240988137     
   38.536149585072017     
   38.436535638509788     
   38.715466831503321     
   40.280717233847142     
   38.593412567812400     
   37.907738398611436     
   39.061260625803470     
   39.197088998787841     
   38.390424138392213     
   37.030221296385051     
   38.620868437608763     
   38.611385339127438     
   37.822563468545034     
   38.721132678104667     
   40.033957504438597     
   39.319032030946040     
   38.550702490159388     
   38.704002341437857     
   38.807596033494590     
   38.272633391171581     
   39.602089582386625     
   38.889372216273735     
   40.869544176055257     
   39.396728724454697     
   37.795930426758794     
   39.277348722420811     
   39.390562727357803     
   39.639331553741492     
   38.079974645941391     
   39.679517449375609     
   38.193439676488069     
   39.224460028840817     
   39.122102508407572     
   39.842420357524212     
   36.690572470691976     
   39.689095303548811     
   37.240808662627622     
   38.155006074443165     
   37.605195647608902     
   39.732679697991649     
   38.641717860647418     
   37.982028756930823     
   39.192698142409171     
   38.349166110545724     
   39.288748835142840     
   37.647106937516781     
   37.305360583047865     
   37.049511986212671     
   39.165803324571108     
   39.100852080339692     
   39.639331553741492     
   39.933853996831523     
   38.214193614194727     
   40.679808639448837     
   38.342998798989036     
   38.591125332914281     
   36.646616390099069     
   37.352061534860638     
   39.575758911379545     
   39.931717652349853     
   39.877848090021033     
   39.797634826590517     
   37.494862873276382     
   38.989067320292811     
   38.467442280089521     
   38.339900498647864     
   38.045537389795207     
   39.545520864874760     
   39.913599885375284     
   39.283787675552610     
   40.242777235367960     
   37.475897810755640     
   38.346045096395684     
   38.301378286046024     
   39.153637233346728     
   38.686126547702678     
   37.787509317170709     
   40.129940707440376     
   39.887445347954703     
   38.889372216273735     
   38.131654638880654     
   37.868269733850127     
   38.301378286046024     
   37.565410024189461     
   37.873019775924362     
   38.645895644585870     
   38.174642970165216     
   38.962762929329109     
   38.856369974592766     
   38.518450980818109     
   39.814813717430908     
   38.628837026299408     
   37.940260793073627     
   38.014724412100300     
   38.481109142277973     
   37.322104601097529     
   37.030221296385051     
   38.506685054706473     
   38.670390262663773     
   37.419676291321437     
   40.594895374054353     
   41.307944980196865     
   38.281486699733520     
   38.566119324467948     
   38.049799199609936     
   37.675472341378075     
   38.463357422162353     
   40.262274833099106     
   39.506839365513962     
   38.544492821537752     
   39.061260625803470     
   39.085369607534162     
   39.708588005187785     
   37.251091638082997     
   39.979201130692630     
   36.825570145225939     
   39.490541903291792     
   38.488013161419531     
   36.846494164350659     
   40.027748802354807     
   39.683961726753104     
   38.864028933472277     
   39.578462268988247     
   38.924646202076431     
   37.938120726827165     
   38.097654791498613     
   39.038103846500739     
   39.817893609873693     
   37.965913489298018     
   40.101139300430987     
   38.720296756604220     
   36.588840343304781     
   39.506616091033692     
   40.395815406005866     
   38.553108354690515     
   38.269525584502205     
   38.737316899254260     
   40.052060245007070     
   38.618602718906629     
   37.740844719609136     
   39.618068473230522     
   38.403804914052039     
   38.841343971714572     
   38.468963470296025     
   39.154434539942031     
   38.144177478692761     
   40.244982690402402     
   37.533381452414574     
   39.918725777405697     
   40.119151503628466     
   38.525093974963518     
   36.161136493257928     
   40.164531323591774     
   38.554932451696224     
   38.741279892266981     
   38.751387610544576     
   38.287638657241594     
   38.621684809997447     
   38.050031775030256     
   38.870307879219716     
   38.240774994493002     
   38.546582605147421     
   39.890842315391289     
   40.585362855496541     
   40.848113327675868     
   38.573583968705826     
   37.988782582435896     
   39.837496778935332     
   38.732478823458273     
   37.812610463578579     
   38.979094554297816     
   38.666772840855771     
   36.094382306382180     
   40.184789713160157     
   38.979292882274649     
   38.167191303745987     
   39.191427679241365     
   39.818785916842373     
   39.021010924599850     
   38.288926426864641     
   40.337842003219130     
   38.799118201802202     
   38.463357422162353     
   39.429544121659887     
   38.142565451751075     
   38.811684336938519     
   36.680240712079794     
   37.164995702786484     
   38.467442280089521     
   39.144976951485354     
   37.953991052874585     
   39.032015971129375     
   40.128702472958167     
   38.803030241779517     
   39.807097373807160     
   39.246083367910117     
   37.079985616980814     
   39.782692731975018     
   39.231851683797828     
   36.746741608361013     
   37.622551016794041     
   37.782804477740143     
   36.757175685333642     
   37.845152034203963     
   38.518450980818109     
   40.083689403715233     
   37.962380374935556     
   40.013069434908282     
   40.240274781880352     
   37.009571727179377     
   37.970624420043912     
   39.474244138220186     
   38.656156870719883     
   39.238772405433885     
   37.914200887151587     
   35.759066684598807     
   36.562315311264356     
   40.052060245007070     
   39.500850006296460     
   36.167228758053724     
   38.766690759079175     
   38.301738059834527     
   38.710589305840863     
   37.675472341378075     
   38.234186010752751     
   40.721894223206206     
   38.144177478692761     
   38.263808213329469     
   38.930292236781391     
   39.396728724454697     
   41.017684516503621     
   39.614428973185156     
   39.034289368332345     
   38.328843897819311     
   40.019465355006453     
   37.419676291321437     
   39.754093236129222     
   38.301738059834527     
   38.601198021043309     
   39.024376245226073     
   37.357924319179517     
   37.935099705925353     
   36.900546608927186     
   37.989736612035010     
   36.493815821411538     
   36.936574110862814     
   37.361886492970164     
   37.491455603704075     
   38.086618727920751     
   38.021899812457598     
   37.305360583047865     
   38.108269663491029     
   37.933322389393375     
   38.449423621218919     
   39.028619465610099     
   38.710589305840863     
   37.602468963903128     
   36.283886919989762     
   38.319307039255222     
   40.540481341604369     
   40.411128265978526     
   40.336205318002534     
   38.740767146862225     
   38.721132678104667     
   39.617115206329856     
   38.151891387601097     
   36.493753313182701     
   40.033628091400466     
   38.515255035463788     
   37.641734445677997     
   39.585788131397393     
   40.927059571913517     
   37.061840690936684     
   39.681039368423370     
   39.468246321369058     
   38.197731029656431     
   40.176415765742270     
   39.451013843268264     
   38.217066843139868     
   39.381833903689042     
   38.611385339127438     
   39.520209887086160     
   38.010006769797485     
   39.235977598292010     
   39.697021508558947     
   38.082914018436369     
   40.573424217599936     
   37.958683203745160     
   39.028619465610099     
   38.727845491349861     
   38.813192535505571     
   38.383822845882797     
   39.390740624350066     
   39.370139663043020     
   39.496554873350711     
   39.143491782451804     
   38.714496191278542     
   39.633812233261274     
   41.475678170851921     
   39.238772405433885     
   40.090718785413578     
   36.319560931362119     
   38.826461052775507     
   40.978938165909426     
   38.421807364353221     
   39.110862923095269     
   38.464515724358620     
   38.634730254476196     
   39.634278571673249     
   38.618602718906629     
   39.445995573338941     
   36.983103045590710     
   37.887282717550860     
   38.189373825548060     
   38.850405482960383     
   39.544131538892181     
   38.796101960523885     
   39.487040958611935     
   38.796101960523885     
   35.846904339748100     
   39.288993161218137     
   39.649608746715927     
   38.852602351246112     
   36.757175685333642     
   37.918207962652332     
   37.781699068138259     
   38.594504635839044     
   38.869306814346665     
   36.094382306382180     
   39.930247360147987     
   40.040680513261840     
   36.846494164350659     
   40.617330173331105     
   38.387345531110547     
   39.923860399067635     
   39.329171379092216     
   38.991092821374032     
   39.198945412019022     
   38.348583487938555     
   38.050031775030256     
   39.026566360344397     
   37.640959137046124     
   37.009571727179377     
   38.346045096395684     
   37.799655954661297     
   38.436535638509788     
   36.333064749029525     
   36.909828482929598     
   36.653810041860652     
   38.371619978614312     
   39.065977948108902     
   38.075770531992958     
   39.125847579748942     
   38.774586567256407     
   37.342712566406128     
   39.463031699375733     
   39.877744904253795     
   39.692941511146742     
   40.416083629155118     
   39.692941511146742     
   38.713258212629519     
   37.802029164861700     
   37.641734445677997     
   37.622551016794041     
   39.284472013851484     
   37.505935774325387     
   38.974566515657422     
   38.271248449984370     
   37.948456253772790     
   39.651689714807205     
   38.139717834953096     
   37.847262475465257     
   38.466169634629694     
   38.549171517791848     
   39.249342828519630     
   37.388124458552682     
   38.972626422534873     
   37.457079231174156     
   37.485866206173405     
   40.573530451399421     
   37.619138620923174     
   39.838237745278931     
   39.819487939396517     
   39.278795157527000     
   39.175328816926040     
   37.109259161451114     
   37.319611543198555     
   38.542280052736736     
   38.218877638661169     
   39.549099574438863     
   39.058189333977140     
   40.419980587888034     
   37.774611769714738     
   38.420860467303207     
   36.647006429223140     
   39.924436411987131     
   37.433400622031435     
   38.904605204605737     
   38.171847452414333     
   39.130277558669164     
   39.154597748268124     
   39.546775718158912     
   38.272633391171581     
   39.527129632189087     
   38.924635490123890     
   38.304309296873441     
   41.044304843572107     
   36.890145536195526     
   38.269525584502205     
   39.665031691736687     
   38.347619935249561     
   38.280061604287809     
   37.262827563221045     
   39.026566360344397     
   39.818822924234276     
   38.488013161419531     
   36.122974830141786     
   38.390424138392213     
   39.910247264331637     
   38.484249181749028     
   38.550038006182518     
   39.819804707617550     
   39.048987217182940     
   38.880033151264492     
   38.715466831503321     
   38.830973553695081     
   39.752891703742101     
   37.177266145787449     
   36.936574110862814     
   39.191427679241365     
   38.060317037425058     
   37.951444469493950     
   38.672065597390187     
   37.315884940615987     
   38.265630632954640     
   38.896886917948365     
   40.009640014594268     
   37.533381452414574     
   39.136885138779164     
   38.924635490123890     
   37.640959137046124     
   38.901820687992995     
   38.109743012099607     
   38.055591952805592     
   40.531314738306996     
   37.240136095214140     
   38.383822845882797     
   38.319307039255222     
   38.594980120235554     
   38.401252415611808     
   37.572934318741929     
   38.452760668825704     
   38.715016829129631     
   38.687009407869049     
   38.193439676488069     
   36.345162733383297     
   39.219992584754401     
   36.730300372197334     
   38.799118201802202     
   37.156486748052245     
   39.597213197193291     
   37.086981304041267     
   39.246083367910117     
   36.730300372197334     
   37.988782582435896     
   40.633728732849931     
   39.051434916683966     
   38.733481005767416     
   41.286829060762365     
   37.745810298360524     
   40.361564227085097     
   40.205494409555449     
   37.079985616980814     
   37.251091638082997     
   39.445974618309549     
   38.428930662978985     
   37.443249717098247     
   36.167228758053724     
   40.316745461479094     
   40.068303812220165     
   37.505935774325387     
   39.280273247023985     
   39.614693707779473     
   37.782804477740143     
   38.296906575856831     
   38.117009101314743     
   39.123313057867115     
   36.890145536195526     
   36.493753313182701     
   35.259944291492673     
   36.816226819104763     
   37.711716452129529     
   38.803030241779517     
   38.792640794079610     
   38.245076746489431     
   41.091902033296286     
   38.313363828295543     
   39.106335930110973     
   36.646616390099069     
   38.706915268380058     
   36.776060273362333     
   38.843419715190514     
   38.090807554278051     
   37.073685616150733     
   38.982040179084620     
   38.371619978614312     
   37.191719413063019     
   36.516437366111298     
   38.151891387601097     
   38.869306814346665     
   38.742373330128402     
   37.427333829925388     
   37.572934318741929     
   39.775240039196028     
   38.965871925108551     
   37.388124458552682     
   37.887282717550860     
   40.195099424381212     
   39.086186767827748     
   39.427813139895363     
   36.400579065653901     
   38.263808213329469     
   39.146053324768907     
   38.484854817443804     
   39.309072535401704     
   38.605879105196983     
   39.314215622453084     
   37.485437080565681     
   39.206908305524770     
   38.801912657365058     
   39.474067898922982     
   38.294264643890038     
   37.322104601097529     
   38.990931132383920     
   40.974255222840448     
   39.314215622453084     
   38.941286059792716     
   39.059999628669644     
   37.156486748052245     
   39.389537729058510     
   37.095027291171725     
   39.281475168927166     
   38.060317037425058     
   36.900546608927186     
   38.670390262663773     
   37.594097004327111     
   39.070910693676964     
