           0   98.213210363124190     
           8   98.213210363124190     

           0   98.213210556909004     
           8   98.213210556909004     

           0   98.213210169339376     
           8   98.213210169339376     

           0   98.213210117667430     
           8   98.213210117667430     

           0   98.213210659742444     
           8   98.213210659742444     

   98.213210262378297     
   98.213210659742444     
   98.213210336591771     
   98.213210583977457     
   98.213210117667430     
   98.213210530184398     
   98.213210117667430     
   98.213210296784212     
