           0   98.213210691396611     
           8   98.213210691396611     

           0   98.213210698065225     
           8   98.213210698065225     

           0   98.213210684727997     
           8   98.213210684727997     

           0   98.213210682344425     
           8   98.213210682344425     

           0   98.213210698244282     
           8   98.213210698244282     

   98.213210696432384     
   98.213210682344425     
   98.213210696118324     
   98.213210693237997     
   98.213210684373948     
   98.213210698244282     
   98.213210698077006     
   98.213210682344425     
