           0   98.213210676990499     
           8   98.213210676990499     

           0   98.213210676994933     
           8   98.213210676994933     

           0   98.213210676986066     
           8   98.213210676986066     

           0   98.213210676985184     
           8   98.213210676985184     

           0   98.213210676997107     
           8   98.213210676997107     

   98.213210676986307     
   98.213210676990414     
   98.213210676996127     
   98.213210676985184     
   98.213210676993171     
   98.213210676997107     
   98.213210676985184     
   98.213210676990414     
