           0   27.523688192034715     
        1000   27.523688192034715     

           0   31.833430754913969     
        1000   31.833430754913969     

           0   23.213945629155461     
        1000   23.213945629155461     

           0   17.881817313427856     
        1000   17.881817313427856     

           0   39.142971681635551     
        1000   39.142971681635551     

   31.910134237405369     
   35.053818414834737     
   33.791966059250996     
   33.043219305078672     
   30.168897614542058     
   26.405083746926632     
   28.840993481379314     
   27.146718694447287     
   29.194627712361967     
   29.873277161294254     
   32.246903826562964     
   26.615148900646176     
   35.645492070927311     
   25.767463276327188     
   30.020927470727383     
   23.136299016851705     
   31.238285219750136     
   26.892301229940994     
   32.609384014444565     
   32.219213201169211     
   31.927069233686225     
   27.593850074402329     
   28.584731312473881     
   28.609436878386578     
   32.389264458074749     
   27.978454892422086     
   29.093098067922991     
   29.639521935718363     
   32.335568227968125     
   26.243885791876544     
   31.737980857638668     
   27.747469416083508     
   34.872937894914109     
   24.867552050901818     
   21.468503741923673     
   24.965152583527555     
   24.608469488732130     
   26.371672815391136     
   26.048125053181316     
   27.983261748035897     
   26.497924420086047     
   22.634726841357299     
   28.467035206955529     
   24.754709560744029     
   32.206093101881606     
   32.455666866852930     
   27.315537424312133     
   34.445338320054660     
   35.014616778963131     
   19.528074907175601     
   23.655611852933315     
   30.889012193824847     
   27.811583461849914     
   20.706557082015522     
   18.241923135645752     
   26.913073714800987     
   25.137048054920186     
   21.189001946579872     
   33.180995134288338     
   27.811583461849914     
   31.982518116226853     
   28.937679832936830     
   29.731938562385963     
   30.062310890498939     
   25.633661527658077     
   25.380672622663688     
   32.921156646138328     
   28.073011890391683     
   29.979283825025465     
   35.693238297489607     
   26.783032827621355     
   35.433147732692632     
   32.002918793488647     
   30.833668560363773     
   29.670771866275114     
   28.412429631382992     
   28.193163535148649     
   22.099356385317350     
   26.958152142983479     
   27.504454505513198     
   28.016435882448683     
   22.918312036352997     
   28.483516791197914     
   29.325345585375626     
   34.581641712409194     
   33.211257792220906     
   26.928545848934217     
   28.724121901915009     
   25.065170969372286     
   28.469813130341976     
   27.295991709147913     
   32.631380076260129     
   27.980868199653013     
   22.020937883815574     
   30.689722842002485     
   28.234153263966945     
   28.862555594721901     
   28.427016586358615     
   30.993902323243333     
   18.104903695272753     
   26.130951563891475     
   34.179144576859073     
   33.493716187392167     
   29.788485568764244     
   30.993436018616514     
   34.061543633139770     
   25.667033304381672     
   20.583426584115909     
   34.301994270421190     
   29.190668346464204     
   33.791238595905853     
   24.184663315863745     
   19.295530336296935     
   31.488815711976208     
   29.922730974026472     
   31.182491701552809     
   28.812226826656474     
   34.356768983880386     
   29.004825919855506     
   25.335570434593748     
   29.250182342715675     
   32.697076048443698     
   30.839959230198840     
   23.206132200494221     
   28.764192563219655     
   32.391810200082780     
   30.155454406168680     
   36.100672618693139     
   26.130951563891475     
   27.386966703441971     
   31.753192510240435     
   18.758680060761076     
   27.148560924727288     
   32.341992337180102     
   30.749373019960764     
   21.353913743875818     
   28.188711198357623     
   23.978828515423046     
   29.120281742563868     
   21.542004166843284     
   29.314668206798149     
   27.213931714814652     
   27.978454892422086     
   26.964364539830974     
   22.918312036352997     
   30.062310890498939     
   20.601295195814892     
   22.716062759088896     
   31.611233444766199     
   25.917086291576702     
   22.428792503122274     
   26.974026665642540     
   32.260926971182911     
   23.136299016851705     
   29.519290083622778     
   31.283561030037042     
   25.964074715384047     
   29.922011725776162     
   27.486342757237434     
   27.126245712006885     
   28.050590140805284     
   22.452153028166723     
   25.704034996769426     
   22.713929735882612     
   27.603691780991117     
   28.115740183869789     
   19.535248956058123     
   31.231304865988985     
   24.821027515494478     
   25.442982874796602     
   18.519063932289619     
   30.444213681618262     
   18.341816212231024     
   27.422351386873970     
   32.857720882320116     
   24.811789942849021     
   36.560181650218055     
   33.357735400663117     
   21.875681109264818     
   20.070454121089682     
   26.964364539830974     
   26.333166438449950     
   30.485766562191557     
   29.001987641538836     
   18.048778288616798     
   25.751209789215526     
   24.148950522507612     
   21.353913743875818     
   22.841927944969278     
   23.670174361847646     
   29.231446023157950     
   17.881817313427856     
   25.858107120642266     
   31.977037970821698     
   29.325345585375626     
   21.144839818019395     
   32.811500112866284     
   23.090074335781100     
   32.074936004804783     
   36.422251473261895     
   25.377714169585303     
   25.202457532176059     
   25.378525241272563     
   29.176546152745445     
   27.897718740845789     
   28.187609443640046     
   22.606908389373192     
   22.597169210375522     
   29.820915872920079     
   26.909879997716644     
   26.243885791876544     
   27.786325996754620     
   28.427016586358615     
   20.060431090638918     
   21.500563072971676     
   26.090482753299128     
   19.870350186453081     
   27.215838345666814     
   26.090482753299128     
   33.493716187392167     
   29.830596852483694     
   30.052738191418477     
   23.312505134065212     
   26.666214848516276     
   25.113616816126537     
   29.842369856129398     
   17.977572472604542     
   31.927069233686225     
   18.746785379934302     
   23.468356583604031     
   32.381375552134209     
   31.965449039920358     
   25.917086291576702     
   28.363378982395016     
   29.061613975689006     
   29.461009844201804     
   28.516306070601541     
   21.875681109264818     
   26.402498482198677     
   30.123961365196074     
   33.366917078376538     
   30.097717887529914     
   27.230459079779845     
   22.428792503122274     
   32.207986619266634     
   31.354668909095487     
   28.821547074544636     
   21.751742763008977     
   35.719675315693863     
   35.828944832841799     
   30.115727685593306     
   30.197502276052361     
   19.905847986387847     
   29.486774023571389     
   24.678580516932399     
   31.182491701552809     
   32.415618323695412     
   24.446665203365583     
   23.531997440715237     
   21.420137713396610     
   28.975510904515815     
   35.406476221301908     
   29.163654315146385     
   25.825419264472878     
   21.668703898008751     
   29.315358434485734     
   26.492698821277866     
   33.614185223630905     
   39.142971681635551     
   24.788560000774467     
   33.449142047317828     
   26.272407904650322     
   29.381550165100336     
   33.549146155464847     
   29.841987707990526     
   31.968556269756196     
   32.732036664260185     
   27.897718740845789     
   19.725036910314184     
   19.491281572769601     
   28.167841827003347     
   18.104903695272753     
   24.622194740678768     
   34.624518310998702     
   22.597169210375522     
   19.528074907175601     
   22.351026520079856     
   25.355595976814001     
   17.977572472604542     
   27.306021700588101     
   22.351026520079856     
   26.481942550483236     
   29.470697614673487     
   23.692556708939488     
   27.746218284676029     
   33.843127921903182     
   29.894186599396480     
   31.977037970821698     
   25.583486958916275     
   19.891833484760596     
   27.397682736361563     
   26.311815499047700     
   32.874807422020510     
   20.802865782336237     
   25.712439116619198     
   31.734583871063180     
   20.449439544866475     
   30.801851012931159     
   26.622459155009857     
   24.669802780252255     
   27.182986064314687     
   24.311204566323003     
   31.328299732743218     
   34.928752851520187     
   26.784731453245538     
   31.039151274362215     
   37.962525983924380     
   20.940922802477832     
   23.104911551577455     
   25.856133588030918     
   24.067118769890911     
   32.812998616706089     
   25.937787123518977     
   28.234153263966945     
   26.652200385516235     
   31.942755286038121     
   19.870350186453081     
   25.633661527658077     
   32.378470979790386     
   21.178432537082379     
   33.168781839477120     
   20.067442919518523     
   32.646425228525437     
   17.881817313427856     
   20.601295195814892     
   24.168588191088318     
   30.147841228516945     
   27.919475871325673     
   24.152740396119455     
   23.674589232202393     
   29.231577366460865     
   27.161332854361707     
   24.592703944717822     
   32.673536771378828     
   27.467809766564777     
   23.206132200494221     
   32.636357340740702     
   26.578110952354482     
   32.099915406806801     
   21.697828422393041     
   25.851762080755979     
   27.529099023584774     
   29.190668346464204     
   29.685843371904699     
   23.666375393060793     
   23.568771603842336     
   28.813239672685938     
   20.070454121089682     
   33.312880946971617     
   31.111203331330731     
   30.632979909992720     
   29.427055864977369     
   20.377218506136391     
   25.091245113975408     
   30.889012193824847     
   25.523310815951600     
   32.221609690790253     
   25.780956630422480     
   31.611233444766199     
   33.948438655645162     
   29.740683177418013     
   29.496834349512362     
   25.751209789215526     
   29.341133690247933     
   26.893023860863508     
   26.329971133418059     
   24.753660642567812     
   30.210431232701215     
   32.027609564002830     
   27.675591349828821     
   22.050511469189786     
   33.285789199888455     
   23.818205040141923     
   28.073428494200410     
   37.737852693510966     
   21.475851535087930     
   35.544271148733024     
   29.982741377692331     
   24.500800711445329     
   27.907441992480646     
   29.823815036747028     
   25.139419988124359     
   34.179144576859073     
   27.154044075714644     
   28.584731312473881     
   26.024302365332577     
   27.865529304086678     
   27.429487352865017     
   19.479060694578266     
   23.090074335781100     
   24.113792126506119     
   30.929058694280897     
   25.832100842063124     
   19.740008420215574     
   24.152740396119455     
   31.323614850785319     
   24.148950522507612     
   20.716642356198935     
   29.061613975689006     
   26.091438561356206     
   26.334229001618795     
   29.639521935718363     
   26.017473832430863     
   22.452153028166723     
   31.214940285247998     
   23.702642610360162     
   30.122316603786182     
   33.854345690759217     
   18.478363339631080     
   35.106158295953449     
   27.679794935346365     
   24.608469488732130     
   28.359636427705606     
   26.850717290065759     
   35.777479176951147     
   27.313893806989583     
   33.314576443749402     
   24.531284310107718     
   34.019302495179346     
   32.210989845653671     
   26.850717290065759     
   26.492698821277866     
   26.913073714800987     
   22.161901262356739     
   30.210232797701678     
   31.270505709303631     
   26.659562528666029     
   28.482756546819232     
   30.848447158759765     
   21.178432537082379     
   36.343353933013667     
   27.386966703441971     
   24.363297770152709     
   31.509066322894174     
   29.905000345373281     
   24.821027515494478     
   27.768847060355053     
   24.634392498004949     
   22.958716405157919     
   30.925961940482008     
   18.241923135645752     
   18.478363339631080     
   25.252664624325352     
   30.060097813482855     
   33.397445319112613     
   31.217161546975657     
   34.055652014657177     
   26.647978308392428     
   28.878299688010198     
   24.965152583527555     
   20.060431090638918     
   28.161837616695941     
   30.808095326061366     
   24.157578078909111     
   22.841927944969278     
   26.397181089433413     
   29.496834349512362     
   29.885669092563589     
   24.285352566072326     
   19.600455063470349     
   32.961489714705273     
   29.151622906959442     
   31.970337888864297     
   26.467369520237700     
   28.002903259856808     
   27.012064884094105     
   22.020937883815574     
   24.593721363591559     
   24.311204566323003     
   25.712439116619198     
   27.666220901139699     
   27.429847200623652     
   26.291729517996316     
   21.189001946579872     
   32.837122973310429     
   18.126485769001064     
   30.052738191418477     
   29.341133690247933     
   32.391810200082780     
   25.856133588030918     
   29.606622838972577     
   32.195750733533721     
   25.924380524378449     
   25.452188598600173     
   26.958152142983479     
   36.073247800555031     
   26.035307774222819     
   32.008280405656343     
   30.570843593476855     
   25.139419988124359     
   26.108716732150487     
   24.788560000774467     
   28.181061646219042     
   23.923618806544255     
   26.333166438449950     
   19.962881634670971     
   25.335570434593748     
   26.138408536761109     
   26.379194666949793     
   24.764910173106887     
   30.381381394330042     
   24.078120681813090     
   28.640666284588992     
   31.757504967267266     
   28.775050055139342     
   34.624518310998702     
   21.105326771261410     
   25.635815809116981     
   34.424149864310685     
   27.737416368048979     
   34.856126355369291     
   26.425422670658371     
   26.116315964127079     
   28.865717087994888     
   34.358528436752096     
   23.300735802884613     
   26.874153734472582     
   36.701865118727767     
   25.656788187678458     
   23.241524095423213     
   30.530676314200722     
   20.706557082015522     
   23.639078715410808     
   25.065170969372286     
   31.067561534314834     
   31.347823751937042     
   26.066241864066338     
   26.885815133669020     
   34.358528436752096     
   27.214389859085497     
   33.549387806756094     
   21.144839818019395     
   34.148692005517155     
   29.590994568605872     
   27.835944772095129     
   23.419068545987944     
   26.403227745755519     
   31.695742790346291     
   27.403243758108967     
   19.820561686417790     
   25.718058293967406     
   32.857720882320116     
   25.202457532176059     
   26.906731627424552     
   30.711339322697611     
   30.493651000696648     
   33.282264123565923     
   26.627894257325718     
   29.685843371904699     
   26.340106552037003     
   25.825419264472878     
   35.828944832841799     
   22.766739030793332     
   19.820561686417790     
   22.332339524112747     
   25.137048054920186     
   26.066241864066338     
   30.599935831828063     
   25.583486958916275     
   32.675928534064120     
   28.161837616695941     
   24.113792126506119     
   24.078120681813090     
   23.655611852933315     
   31.270048146988238     
   26.784731453245538     
   31.413646138556320     
   29.415945521411906     
   26.673045279842487     
   29.982741377692331     
   19.491281572769601     
   28.007774171038033     
   25.573342901791083     
   25.927697008481818     
   32.591459908122040     
   28.611933227617687     
   31.209616704827077     
   32.797492385854959     
   28.073011890391683     
   29.243419848674868     
   26.272407904650322     
   28.007224172202200     
   26.783032827621355     
   17.904360572783425     
   29.716927526596319     
   27.645590804378067     
   20.317717424289402     
   29.089429467120745     
   23.818205040141923     
   28.104452291681216     
   30.400198703331892     
   29.684769036438979     
   22.712209353515153     
   31.910134237405369     
   33.850912074233293     
   27.154044075714644     
   19.479060694578266     
   30.833668560363773     
   35.493554960247863     
   25.629102810409297     
   28.016429479737823     
   28.160769783261472     
   29.904105346886766     
   23.568771603842336     
   21.697828422393041     
   32.320108128184515     
   23.849033746719925     
   26.481942550483236     
   27.694588039289982     
   30.255670970634188     
   22.606908389373192     
   25.460039587305999     
   30.491717554408016     
   33.011408247932799     
   35.751781592045653     
   28.980702333872152     
   21.524717518361200     
   22.077153414130922     
   35.209131085138274     
   27.182048827675690     
   35.894198621688261     
   30.993436018616514     
   32.596015820620813     
   32.155295949840564     
   21.751742763008977     
   24.592703944717822     
   19.261927696045209     
   28.548318732468040     
   18.826571281695642     
   21.627903649651905     
   29.979283825025465     
   33.237104360464059     
   33.160298972213347     
   28.469813130341976     
   28.957928090563858     
   20.626506452732954     
   28.911032575782141     
   29.839750686584619     
   27.694588039289982     
   32.027609564002830     
   18.048778288616798     
   21.668703898008751     
   18.758680060761076     
   23.104911551577455     
   31.259715040821028     
   32.206093101881606     
   27.675591349828821     
   31.815574991494046     
   35.770397173311373     
   20.317717424289402     
   25.377714169585303     
   26.673045279842487     
   28.049124703478437     
   32.499376166282033     
   30.069487981883167     
   27.213931714814652     
   21.617426405432575     
   23.615137902630185     
   27.230459079779845     
   23.615137902630185     
   33.985394130015401     
   32.457323002590641     
   25.523310815951600     
   27.182986064314687     
   23.610488126326004     
   19.261927696045209     
   31.694379053435984     
   24.236514434455085     
   27.768847060355053     
   26.017473832430863     
   19.360314585907222     
   29.839750686584619     
   20.626506452732954     
   33.593288403298850     
   29.250182342715675     
   19.786714875738507     
   31.184478537586529     
   18.126485769001064     
   24.638503449820789     
   27.146718694447287     
   28.837357661353415     
   25.823018243422787     
   28.341155176387041     
   32.961879546988001     
   26.690193661467486     
   27.779933947211163     
   30.955819617844689     
   27.737416368048979     
   21.627903649651905     
   26.943725760713836     
   19.740008420215574     
   18.958190973760200     
   28.104452291681216     
   26.206015146364802     
   19.905847986387847     
   24.669093651130101     
   24.122643668746612     
   18.958190973760200     
   29.299098161340318     
   24.755805164589681     
   28.582502992832321     
   26.329971133418059     
   29.486774023571389     
   22.958716405157919     
   19.270308703986611     
   31.007806578874547     
   26.091438561356206     
   32.783739714017166     
   22.161901262356739     
   35.177286260696924     
   31.356076794606871     
   29.304852815850584     
   31.292246635864970     
   27.239715307359955     
   31.485486428734440     
   28.138154046830461     
   18.341816212231024     
   28.002903259856808     
   32.892039146688298     
   32.260926971182911     
   23.666375393060793     
   20.940922802477832     
   32.892039146688298     
   30.210431232701215     
   28.278659172932588     
   35.454484361184150     
   19.270308703986611     
   23.419068545987944     
   29.841987707990526     
   18.519063932289619     
   26.880931620116183     
   24.593721363591559     
   22.077153414130922     
   24.881760759708737     
   29.499969442295189     
   30.574612002538164     
   27.464609879932762     
   29.846677822852779     
   24.531284310107718     
   27.981269970519556     
   32.410117033372373     
   24.446665203365583     
   26.622459155009857     
   26.602325704968159     
   19.402032522587408     
   19.295530336296935     
   28.956802299449180     
   31.375470724235488     
   32.329172327403882     
   36.212082682647434     
   30.848447158759765     
   27.181443899621467     
   26.277496489019804     
   25.937787123518977     
   27.069725076928993     
   29.762238065939147     
   18.746785379934302     
   29.894186599396480     
   22.332339524112747     
   26.968341926140948     
   31.384337372258059     
   33.614185223630905     
   27.983261748035897     
   30.957039475512047     
   29.434698813921237     
   33.143787091524622     
   18.873808139560960     
   29.109958962987641     
   28.160769783261472     
   27.786325996754620     
   28.911032575782141     
   23.610488126326004     
   28.672096345611308     
   28.153297342243761     
   24.219828568243933     
   32.075214120306768     
   22.099356385317350     
   30.286297528850000     
   21.475851535087930     
   33.902784019035096     
   30.957039475512047     
   26.240232048953686     
   27.708948530988852     
   28.813239672685938     
   29.846677822852779     
   26.024302365332577     
   28.404432084406331     
   25.378525241272563     
   33.310608803401713     
   26.627894257325718     
   30.300038705348300     
   25.927697008481818     
   32.997271921895866     
   35.565856200936324     
   28.478077863009233     
   27.758069837438690     
   32.315293030232439     
   31.699230771469498     
   27.923814368508758     
   29.044541734439385     
   29.125794389069313     
   20.583426584115909     
   31.109383415928445     
   29.828448680967703     
   24.157578078909111     
   31.201770599956145     
   20.377218506136391     
   28.052095881135813     
   27.181443899621467     
   24.236514434455085     
   27.464609879932762     
   35.730803909639505     
   29.564797969755073     
   33.206882625223642     
   30.123802367971177     
   28.482756546819232     
   17.904360572783425     
   30.349660432356842     
   30.512884623121096     
   28.133977962960465     
   25.499795319253369     
   27.295991709147913     
   26.429439008232137     
   28.425295640301261     
   23.972731793766169     
   32.218693250851814     
   23.300735802884613     
   31.472952481174591     
   19.535248956058123     
   32.424055250685655     
   31.167387642035088     
   24.285352566072326     
   20.716642356198935     
   30.576393122345245     
   31.347823751937042     
   29.637929025508896     
   30.491717554408016     
   29.123134473835965     
   31.109383415928445     
   33.472000650410600     
   37.364600320150416     
   25.533779602339802     
   20.778906801657062     
   28.567723438448578     
   27.148560924727288     
   30.999080562860225     
   27.679794935346365     
   24.363297770152709     
   25.397577827615034     
   27.069725076928993     
   32.743707303067325     
   24.754709560744029     
   33.129082060274527     
   31.465472588497821     
   29.922730974026472     
   23.241524095423213     
   29.792865286890756     
   31.234261531708444     
   27.835944772095129     
   25.113616816126537     
   31.798877693343496     
   31.559245016095822     
   25.858107120642266     
   26.659562528666029     
   28.672096345611308     
   28.395183424123882     
   22.716062759088896     
   28.742072520357535     
   32.107902353302819     
   27.315537424312133     
   29.596219972926768     
   21.183508933122603     
   26.035307774222819     
   21.457960689199265     
   30.922343575888732     
   31.081902834177676     
   20.176594801146138     
   33.713299182439442     
   31.714117475784523     
   31.076817792349647     
   25.641013855094496     
   30.823680172411013     
   24.867552050901818     
   34.182098994799453     
   33.889738614370756     
   28.313358605469013     
   23.531997440715237     
   25.629102810409297     
   30.140161720653950     
   30.031853375461850     
   29.747280794971125     
   25.453869800694747     
   18.873808139560960     
   35.432907547624353     
   36.026871929428864     
   26.116315964127079     
   32.743707303067325     
   31.819673894300134     
   24.634392498004949     
   30.122316603786182     
   31.734583871063180     
   25.667033304381672     
   23.468356583604031     
   27.287645405440507     
   18.569163329382945     
   30.925961940482008     
   27.747469416083508     
   26.690193661467486     
   26.666214848516276     
   32.665495925953692     
   19.360314585907222     
   27.768742529731483     
   32.921156646138328     
   27.124515230805102     
   30.812381684389567     
   22.634726841357299     
   29.785320268342762     
   32.285316290061559     
   26.138066181187781     
   27.852613411180741     
   29.934160371031957     
   30.357860298708637     
   26.602325704968159     
   34.107876175457029     
   32.320108128184515     
   26.240232048953686     
   26.138066181187781     
   21.420137713396610     
   26.977328221456894     
   21.105326771261410     
   26.340106552037003     
   31.048041848387822     
   24.184663315863745     
   26.467223800524902     
   32.162401503481760     
   19.725036910314184     
   20.067442919518523     
   21.500563072971676     
   29.711062720455949     
   29.093098067922991     
   19.786714875738507     
   25.442982874796602     
   30.447807866830107     
   29.573231063779129     
   27.012064884094105     
   20.449439544866475     
   30.102115669566867     
   19.600455063470349     
   26.048125053181316     
   30.188104307427494     
   27.214389859085497     
   29.564797969755073     
   27.282932310442131     
   25.851762080755979     
   28.041726201607389     
   31.243770443201353     
   23.312505134065212     
   33.241883047274989     
   25.453869800694747     
   28.133977962960465     
   24.935829987970710     
   26.943725760713836     
   27.919475871325673     
   23.702642610360162     
   27.963015367011764     
   30.574612002538164     
   18.569163329382945     
   31.419069623128955     
   30.444213681618262     
   34.309469770256406     
   32.667300035420880     
   23.474602879641939     
   25.148448089995657     
   26.338201200877343     
   18.826571281695642     
   28.315761964068201     
   26.977328221456894     
   22.766739030793332     
   23.474602879641939     
   21.515574262943620     
   25.460039587305999     
   23.692556708939488     
   26.291762083874183     
   30.092604406725357     
   21.524717518361200     
   30.749373019960764     
   25.718058293967406     
   26.874153734472582     
   21.617426405432575     
   30.403332469822345     
