           0   25.630340832579126     
        1000   25.630340832579126     

           0   30.226284198212920     
        1000   30.226284198212920     

           0   21.034397466945332     
        1000   21.034397466945332     

           0   16.062165182202719     
        1000   16.062165182202719     

           0   39.441922965171955     
        1000   39.441922965171955     

   20.059213627186217     
   28.704853912508320     
   32.330829975328832     
   29.291440047059250     
   18.615754734054548     
   32.413630887839290     
   28.496433130143664     
   26.499893482307272     
   22.811829158542608     
   24.876175981151142     
   24.810401876739324     
   23.231098296731776     
   29.539385026547038     
   27.854820901851461     
   29.831282361069640     
   27.880421459464259     
   29.797734143266158     
   18.799678388027200     
   32.480467057010763     
   17.689898220985285     
   30.186184529284265     
   27.458853800384709     
   18.919103301391360     
   23.672911850746754     
   24.412197575937430     
   22.034284843704288     
   23.570873345038287     
   19.273101233262324     
   20.583032562647077     
   26.870963190966691     
   20.059213627186217     
   23.423959501907706     
   23.562130327067731     
   25.409677044955668     
   25.959127607658441     
   25.104466289899840     
   20.856445207911079     
   20.810642661536580     
   18.801316484168598     
   25.495131794067230     
   21.967206479775175     
   31.587432243177808     
   28.978386479469428     
   29.156571550324077     
   26.541214029836361     
   28.287099894467882     
   19.713541832326825     
   33.638554096296765     
   22.166621863684526     
   27.307260903996855     
   24.854167442047444     
   22.941855186491143     
   28.485496615675512     
   28.751220768081673     
   31.035772851513919     
   23.791501859115989     
   22.431403362255555     
   26.513331580789874     
   20.583032562647077     
   30.729720203812455     
   35.913593701108383     
   27.403301975959611     
   23.761121389554688     
   30.749598736047190     
   27.458853800384709     
   30.189141051277048     
   17.423498657590070     
   22.051692810529783     
   26.523699482068842     
   28.851624475539683     
   33.880130416582759     
   25.625524675174411     
   31.701586093813251     
   22.672214516162942     
   26.802757541913799     
   27.142299843467953     
   16.805080556980684     
   23.570873345038287     
   31.253772988780160     
   21.818341680022201     
   22.739064376055733     
   28.423898771075176     
   18.857042231364968     
   26.189881360699996     
   28.061488708356556     
   22.261555770705428     
   31.829284301711720     
   22.725323321645533     
   16.334377429201638     
   29.583710993816467     
   27.075876149396549     
   22.941855186491143     
   23.791501859115989     
   17.588995822832189     
   22.993962782733181     
   38.097057791191013     
   27.407815056170424     
   21.717594907294213     
   28.287099894467882     
   20.303764873383749     
   32.396855471416444     
   24.237518629329056     
   29.887105091072126     
   23.280884418330917     
   27.370691949181964     
   18.505012321709206     
   30.989858375045834     
   22.477872082096127     
   26.689152500957974     
   33.492379238505102     
   30.981490383462855     
   26.491280317457434     
   33.843106166318400     
   21.873854500146834     
   27.479566050139720     
   22.188020059835662     
   23.678316283532094     
   21.805809841100139     
   29.778237795260630     
   16.984233300539827     
   23.211256938628171     
   26.653012349372069     
   24.863114020993649     
   16.797374934907886     
   17.588995822832189     
   34.087689287458581     
   31.197070802319708     
   18.011254452063675     
   26.830299679677559     
   31.263788542406484     
   22.599625858710581     
   17.130198574703218     
   18.011254452063675     
   25.687662929643999     
   22.029965809966424     
   30.101431035353034     
   31.001468810464981     
   25.368219877856546     
   20.990882072688411     
   20.303764873383749     
   23.924016278653284     
   22.169921429236901     
   28.847825958317809     
   29.066304809024228     
   23.038966532938336     
   16.823575466403547     
   33.653347268534631     
   17.130198574703218     
   28.383485217913936     
   30.323320700048370     
   28.565764338659683     
   26.526665262978685     
   28.623451301110393     
   21.256999622536455     
   27.377718954126113     
   28.084184965046756     
   30.888875146790223     
   35.087074834011986     
   23.345190623586493     
   25.346862536815827     
   17.245909580060520     
   16.442653181888989     
   18.290010647863351     
   21.486034698637791     
   21.821045693492682     
   30.758240574545592     
   28.121340289109003     
   31.271125533513526     
   24.479275270983127     
   21.944358832461138     
   25.071600292934399     
   27.102845389459631     
   24.041332589317349     
   25.659874344454561     
   27.251742033969940     
   28.094496910875232     
   24.052732668419253     
   17.173785702293667     
   27.377718954126113     
   26.397389675153349     
   22.739064376055733     
   31.646740735665873     
   26.179278106654635     
   23.773779522073188     
   20.546609011276381     
   22.431403362255555     
   23.599070168108828     
   22.775000285936319     
   32.833749527784022     
   30.996693699989624     
   21.526952365650239     
   24.833487956051478     
   27.272040513896940     
   26.424035012245607     
   29.026403760466611     
   16.062165182202719     
   25.585520595273831     
   20.294705078777827     
   22.259826771889166     
   25.233348580100522     
   25.535762116789158     
   21.700040202057348     
   24.233660957659129     
   31.608244808363967     
   24.490304781356404     
   22.085236659004554     
   24.106382360250663     
   22.259826771889166     
   20.456697270245389     
   29.414201675888631     
   28.931113716144040     
   23.169386016171806     
   26.020912337632812     
   24.474668385996935     
   27.234576299123400     
   28.655144336408323     
   16.860933933582622     
   22.477872082096127     
   22.138649093596733     
   23.759510124660270     
   26.094014236471253     
   28.372951325332036     
   27.038955903388839     
   16.860933933582622     
   24.120761182525285     
   25.476188862295231     
   21.597105603869387     
   26.978319302647925     
   20.719748917036213     
   35.139127860337958     
   24.741406513158324     
   22.426580622894278     
   31.468798611684676     
   26.870963190966691     
   29.609242475303301     
   22.076287920625226     
   26.856575009057011     
   18.801316484168598     
   24.980958846681265     
   28.469495427721171     
   29.464176760536510     
   35.025292314042574     
   31.788868890458669     
   21.621957665851777     
   33.102559363860323     
   31.601257375027270     
   26.865152832131084     
   20.719748917036213     
   25.114514830646176     
   32.272861606791352     
   25.306905068684067     
   33.226542730567402     
   24.859131169860969     
   18.456123358563008     
   31.303792315947366     
   23.161295212300040     
   23.218602379935817     
   24.417342836942542     
   31.523485025608295     
   30.071952986751803     
   26.689152500957974     
   29.498178602735258     
   27.129019044458101     
   22.165113524394382     
   25.437235584335980     
   18.615754734054548     
   30.865535265564141     
   26.843973452682949     
   20.316135012583313     
   24.194143526244453     
   28.760478011065683     
   29.142581812356546     
   27.772029735094947     
   18.515445148890866     
   17.986212782423472     
   22.021868045195131     
   22.599625858710581     
   25.251644073349851     
   29.291440047059250     
   25.385547793501900     
   22.546833772033963     
   19.842102615017989     
   26.217794637834171     
   27.258470245268104     
   19.607253194097723     
   16.969071209813375     
   28.545898032939810     
   37.512074332160900     
   27.892176313531795     
   24.317983706284974     
   31.020384158950151     
   28.962809080976033     
   18.290010647863351     
   18.985476812325519     
   18.515445148890866     
   35.420579968984242     
   26.456018688404857     
   32.482657959942983     
   28.780932731864809     
   22.379279883788044     
   27.615987513781249     
   23.263871344892543     
   22.034284843704288     
   26.217794637834171     
   34.093648829628158     
   28.632443128157803     
   23.089748136057413     
   26.837964114102583     
   25.396093938541309     
   28.445148166564934     
   21.700040202057348     
   21.621957665851777     
   25.053750724794099     
   26.189881360699996     
   24.037022086114654     
   27.981309470161460     
   17.632616147831101     
   34.269748457294945     
   22.530074259527389     
   23.025942710881530     
   34.699366539348709     
   30.067519356555145     
   22.797677662898241     
   21.287105231993326     
   25.480701235225784     
   24.571702184554066     
   24.149333695550474     
   34.878941769294975     
   29.917471598224733     
   24.065038405485595     
   22.245722011044720     
   33.049223642637983     
   27.682009198279616     
   20.933479593759184     
   27.102845389459631     
   22.555818948577016     
   27.255072528321850     
   32.788513216289495     
   29.159139443606449     
   18.799678388027200     
   19.432587589092314     
   19.686468909898309     
   34.149709177272392     
   26.732350803818655     
   25.306905068684067     
   30.854832420444215     
   33.988882935564106     
   27.741241008738328     
   30.405222556179826     
   25.008861975208895     
   26.984360163917462     
   25.471335183197059     
   32.495753752445886     
   28.708984051271315     
   29.300648903519118     
   27.684520357250690     
   21.514266856621589     
   22.169921429236901     
   31.361835002356468     
   25.599162600137085     
   22.076287920625226     
   24.171139330690622     
   25.838463924564138     
   16.888829036960768     
   17.353129753369540     
   33.640108017178065     
   27.439579163820845     
   27.282881670639458     
   31.020384158950151     
   21.551763608938348     
   21.805809841100139     
   25.577243679033344     
   20.196752557325048     
   26.579509573013258     
   22.021868045195131     
   32.184755998520039     
   24.463886096845226     
   28.061488708356556     
   24.194143526244453     
   27.129019044458101     
   26.456018688404857     
   29.510551767299834     
   25.929940390791483     
   18.505012321709206     
   23.842049735040515     
   22.555818948577016     
   17.689898220985285     
   26.005438094481285     
   26.039798534781603     
   26.539017719215774     
   30.383440240484990     
   21.558995893032161     
   29.008466503164055     
   25.279761233707585     
   21.693462307524133     
   22.085236659004554     
   20.242674806716312     
   18.405236350300154     
   28.084184965046756     
   17.665985221628723     
   27.741867542151759     
   28.516786926760133     
   31.314558589751464     
   24.960053837945036     
   24.672439897627616     
   27.075876149396549     
   30.623490719911210     
   36.429796373700917     
   31.264779625913658     
   28.448147113211498     
   30.335252341409927     
   27.379206702067513     
   29.947647820184006     
   32.442186138275105     
   28.178746392908213     
   30.847862728266520     
   25.059602077883550     
   31.197070802319708     
   33.485715835104180     
   20.344515685910796     
   23.413313127234975     
   26.304716620346589     
   34.757851950382580     
   27.887484388792675     
   27.679372438559380     
   31.818995844106443     
   26.039798534781603     
   24.065038405485595     
   29.074713267376612     
   23.969811364110896     
   23.136171732350139     
   24.502663100299461     
   17.784319756234549     
   26.830299679677559     
   27.834545312640433     
   21.558995893032161     
   18.456123358563008     
   23.231098296731776     
   31.531608001253307     
   25.406669105262427     
   30.847862728266520     
   24.105152372963641     
   31.740513163564792     
   25.443048506855298     
   26.160842438664694     
   27.524459032565318     
   35.088694816800867     
   28.801148230533340     
   22.261555770705428     
   21.138182829034847     
   24.641609455831006     
   28.383485217913936     
   18.485355998637658     
   23.349709485484315     
   22.029965809966424     
   17.030221193117118     
   25.476188862295231     
   16.888829036960768     
   21.795523706692503     
   24.233660957659129     
   26.449800625617474     
   27.638444780486410     
   23.971285973647507     
   23.135262401298576     
   16.573715381241488     
   16.501407878599991     
   30.749598736047190     
   16.277414969290959     
   27.622688155537709     
   32.362803252587767     
   23.746910227066362     
   24.412197575937430     
   17.784319756234549     
   28.364266061857354     
   24.184364684417869     
   30.577800883201967     
   26.369632845646404     
   31.939591917190988     
   33.265422675662471     
   16.969071209813375     
   22.242422428969505     
   27.926915615504495     
   26.641059545654617     
   30.481290373326306     
   16.501407878599991     
   19.219042363393761     
   27.834339715655844     
   17.245909580060520     
   27.517905874419814     
   29.376963041155143     
   23.084623279549302     
   24.398563565784251     
   26.886664212039282     
   24.041332589317349     
   25.929940390791483     
   27.160346729210939     
   31.548155148698772     
   24.524679833804225     
   23.411509518622164     
   36.083955243019631     
   20.335171775885456     
   24.876175981151142     
   31.917885548035947     
   22.775000285936319     
   21.967206479775175     
   33.084053941766953     
   26.239539106217887     
   28.445148166564934     
   26.592931173075993     
   25.201537329045987     
   21.592159583921831     
   28.142117594567779     
   17.353129753369540     
   27.512097853852666     
   20.694026980870941     
   22.042429974828277     
   24.052732668419253     
   25.430139252800998     
   26.804509053508990     
   26.185145468617307     
   29.028017692504672     
   27.062647833630439     
   31.361342912161337     
   28.179635906142444     
   26.172246069192752     
   24.960053837945036     
   27.278142367373931     
   23.061476671056756     
   31.361342912161337     
   30.135339201169717     
   28.441360131651702     
   23.653389099576000     
   28.739317098125788     
   26.434957667101575     
   26.397389675153349     
   24.867150477891819     
   27.615987513781249     
   20.694026980870941     
   23.084623279549302     
   25.346862536815827     
   28.446674663547594     
   27.628077829912034     
   25.382640103127965     
   21.795865572321759     
   24.171139330690622     
   30.383440240484990     
   31.058099395869650     
   22.993962782733181     
   22.797677662898241     
   24.269316668447129     
   16.959599070987910     
   23.653389099576000     
   21.287105231993326     
   19.216899485504218     
   22.725323321645533     
   34.543066489685948     
   26.229132496068448     
   25.554335669007049     
   23.211256938628171     
   21.332623053267405     
   25.538035705604660     
   30.868038618846533     
   32.823395653929381     
   27.451441835369447     
   24.859623263048444     
   26.710336174981084     
   18.405236350300154     
   24.833487956051478     
   27.975241354196960     
   19.976045400633652     
   28.337770684987767     
   22.683797099368590     
   28.325727298693135     
   27.477020958668312     
   32.397544069476211     
   28.732307077099474     
   29.831282361069640     
   21.332623053267405     
   16.960508230355835     
   26.949598020615969     
   23.203759037105343     
   31.829284301711720     
   30.813088427190099     
   24.741406513158324     
   26.865152832131084     
   27.439579163820845     
   34.242673769072084     
   31.646740735665873     
   23.315035129249484     
   24.184364684417869     
   31.462970311262730     
   24.980958846681265     
   22.051692810529783     
   29.441995089915757     
   17.251135435109891     
   23.161295212300040     
   30.452639987998193     
   24.793249938693606     
   19.273101233262324     
   26.809811826074327     
   18.414084854804418     
   25.382640103127965     
   18.485355998637658     
   30.282454802783672     
   18.919103301391360     
   21.229307381951354     
   18.853607330552073     
   19.976045400633652     
   26.179150795038950     
   23.662985048453667     
   18.729610539680309     
   21.693462307524133     
   19.893912483491931     
   26.257982337855310     
   27.800639614149276     
   27.152182180337778     
   27.950129106852891     
   26.615831572004645     
   23.038966532938336     
   23.241276349649628     
   16.805080556980684     
   20.933479593759184     
   19.432587589092314     
   26.547615025427650     
   24.672439897627616     
   26.804509053508990     
   31.861464340562851     
   25.422202082421833     
   20.259937831743098     
   23.263871344892543     
   32.848767353906894     
   22.572289705881456     
   26.843205203842356     
   16.797374934907886     
   29.818276306834960     
   28.245653050115237     
   31.816537301230120     
   26.843973452682949     
   26.997912975149877     
   20.312004417964513     
   26.656701078117401     
   21.363497992921335     
   27.477020958668312     
   17.423498657590070     
   31.612875498791958     
   27.218313454483717     
   26.902671803575977     
   18.853607330552073     
   21.592159583921831     
   20.546609011276381     
   27.622688155537709     
   26.171570577228991     
   16.442653181888989     
   36.622915619910884     
   17.050724282370464     
   21.795865572321759     
   27.450853810138355     
   22.761538220070957     
   31.423745021054696     
   28.931113716144040     
   29.079025436659741     
   23.025942710881530     
   27.608782665728178     
   23.487001268483699     
   34.053267093631973     
   28.872392102630592     
   29.056948847625709     
   24.882510261152031     
   31.006120805832140     
   22.076424475468606     
   26.668269350354759     
   30.501190349431951     
   17.030221193117118     
   23.599070168108828     
   27.457153111435289     
   28.008331533128121     
   27.324646775393912     
   19.463942454470551     
   25.859018493840146     
   30.214081097013977     
   25.443048506855298     
   25.368219877856546     
   25.051640273976290     
   29.065343580182414     
   23.997465320038639     
   29.754772211634318     
   25.766571258925797     
   29.346859481797253     
   28.455527564128129     
   17.050724282370464     
   26.644779250068389     
   23.759510124660270     
   27.450853810138355     
   21.551763608938348     
   18.854034535559585     
   25.632027831474325     
   21.966564434871682     
   26.821382794861318     
   23.969811364110896     
   17.103374026644566     
   30.293720576565068     
   26.330129630419265     
   28.739317098125788     
   34.857905755994928     
   30.603349414884036     
   24.959094881521352     
   23.334992777147690     
   17.068579565281766     
   23.154301038514305     
   29.655820438148140     
   23.315035129249484     
   34.093242007597276     
   28.509642672941560     
   26.424035012245607     
   26.434957667101575     
   30.755219023348989     
   20.815991641013994     
   26.929801600298262     
   19.517226618895517     
   30.319451839641886     
   26.895752735062526     
   25.137708901678483     
   30.599740427542248     
   36.544242241425060     
   31.548155148698772     
   25.008861975208895     
   23.024202705098947     
   20.990882072688411     
   27.936646590326138     
   29.890495852954373     
   28.455527564128129     
   20.815991641013994     
   21.701306651920447     
   21.361897172594837     
   31.630637133243095     
   26.764662548142752     
   27.491678199378796     
   27.038955903388839     
   25.074017032690932     
   27.047914187762352     
   32.621629935849057     
   22.416621135230841     
   24.263147494583460     
   28.417427236068701     
   28.703910867385076     
   30.497701206827276     
   26.413046261932983     
   28.076460245828962     
   16.062165182202719     
   33.657281853392298     
   32.848767353906894     
   27.802569454846786     
   23.662985048453667     
   34.224904078269738     
   30.414968292370997     
   26.516870521539840     
   19.893912483491931     
   16.277414969290959     
   28.448147113211498     
   27.059483911076715     
   16.573715381241488     
   26.579509573013258     
   30.700465334567177     
   23.971285973647507     
   23.761121389554688     
   31.441338755437744     
   29.803088302712588     
   21.597105603869387     
   21.966564434871682     
   16.984233300539827     
   16.960508230355835     
   24.269316668447129     
   26.641059545654617     
   25.479621959891432     
   29.157389373426394     
   34.239261416448848     
   30.271705128827794     
   39.441922965171955     
   35.414597790617975     
   25.064548531870923     
   28.796018404316928     
   27.513626564887517     
   28.872392102630592     
   22.188020059835662     
   31.222368320957976     
   31.816002211642402     
   25.343490442795932     
   16.823575466403547     
   26.305584004300584     
   28.235968114738583     
   22.473037900279632     
   36.899124192196432     
   21.363497992921335     
   21.361897172594837     
   19.713541832326825     
   29.306458534945936     
   25.342832530304889     
   26.172246069192752     
   35.616522764244287     
   18.985476812325519     
   29.705326928113784     
   20.196752557325048     
   29.132090543229374     
   25.409677044955668     
   19.552799032377710     
   16.620451441151758     
   26.668269350354759     
   20.418997626225323     
   23.218602379935817     
   25.859127512529664     
   36.112551956106579     
   23.048530543296902     
   23.304115188790444     
   26.710336174981084     
   16.959599070987910     
   28.632443128157803     
   29.017535983151856     
   17.400747441049575     
   26.374513884993899     
   18.722417589496764     
   19.685889460608028     
   29.012099718522315     
   21.907715205253279     
   17.207052169212062     
   28.997722009568612     
   31.557049078904402     
   28.468939249100405     
   16.620451441151758     
   26.696493222200356     
   36.597003382023537     
   22.141005316492208     
   27.854820901851461     
   22.629454914111317     
   24.205004131892697     
   24.793249938693606     
   28.679298881239575     
   22.346041159822597     
   25.263000779238098     
   23.703002349555572     
   28.851624475539683     
   26.732350803818655     
   31.595754932649658     
   33.738392670192518     
   21.873854500146834     
   17.400747441049575     
   29.668250186176678     
   24.263147494583460     
   29.790056254005709     
   28.094496910875232     
   25.601595865015565     
   28.427753565098257     
   29.191168191439715     
   19.552799032377710     
   27.062074100401766     
   28.469495427721171     
   20.810642661536580     
   27.278142367373931     
   21.717594907294213     
   21.944358832461138     
   24.641609455831006     
   20.316135012583313     
   30.101305510003602     
   27.779946015641514     
   22.836015041946240     
   22.572289705881456     
   29.394168107177375     
   17.986212782423472     
   23.135262401298576     
   29.787344376887308     
   17.068579565281766     
   23.411509518622164     
   21.486034698637791     
   34.577292675060598     
   21.818341680022201     
   30.529761502253088     
   31.818995844106443     
   25.687662929643999     
   29.311052490960485     
   23.273507389042340     
   26.895752735062526     
   20.672352589367680     
   19.216899485504218     
   33.696194708051493     
   34.286136433977290     
   22.426580622894278     
   20.259937831743098     
   29.260330003718522     
   22.672214516162942     
   24.150502702296862     
   31.303792315947366     
   21.412980416810768     
   33.418939904140338     
   26.305584004300584     
   31.135289608736016     
   30.903306124053458     
   21.649089989979025     
   27.379206702067513     
   30.818353039551031     
   20.672352589367680     
   28.166545060873148     
   22.166621863684526     
   26.128151712895619     
   31.651671381357563     
   26.304716620346589     
   27.062074100401766     
   28.389484205446607     
   31.925351301496711     
   27.272040513896940     
   27.648757505949185     
   18.729610539680309     
   26.466425104945486     
   27.936646590326138     
   23.584519878065503     
   23.746910227066362     
   29.198275818768789     
   25.686661833767307     
   17.103374026644566     
   22.708461927175737     
   18.857042231364968     
   21.526952365650239     
   32.187723140513057     
   32.351762978555286     
   25.048490031351541     
   27.892176313531795     
   18.722417589496764     
   32.061590693776466     
   23.572344782373442     
   25.535762116789158     
   27.952581964903324     
   18.199602177354624     
   29.045430568386159     
   33.711110597450684     
   30.390948853651029     
   25.479621959891432     
   17.632616147831101     
   32.281003148849315     
   22.683797099368590     
   22.346041159822597     
   22.708461927175737     
   23.455588165397167     
   23.455588165397167     
   20.242674806716312     
   29.917471598224733     
   27.218313454483717     
   32.743631024332394     
   19.237545302705023     
   27.234576299123400     
   26.843205203842356     
   29.494699349589283     
   28.130519000464886     
   23.609758901139848     
   21.803738746774812     
   28.759824840420865     
   23.463781260970141     
   27.952581964903324     
   27.880421459464259     
   21.514266856621589     
   22.473037900279632     
   24.900167320686965     
   32.053734865274940     
   28.530674520285658     
   21.701306651920447     
   22.629454914111317     
   17.251135435109891     
   32.632111464162577     
   24.629255756559743     
   28.496433130143664     
   23.219277992195728     
   21.138182829034847     
   23.304115188790444     
   17.207052169212062     
   30.704387041324857     
   25.048490031351541     
   26.846213583223779     
   26.590354382960960     
   28.237164963853445     
   27.282159613059441     
   18.854034535559585     
   19.842102615017989     
   26.342063043977042     
   24.479275270983127     
   27.491678199378796     
   30.626689243216713     
   23.584519878065503     
   36.188547007891444     
   31.352228952266529     
   22.076424475468606     
   22.546833772033963     
   26.590354382960960     
   25.974572626835268     
   25.385547793501900     
   16.334377429201638     
   29.870671548899185     
   19.607253194097723     
   27.282159613059441     
   23.825589102404809     
   24.317983706284974     
   26.539017719215774     
   30.781737841973101     
   30.617017824157259     
