           0   31.415228475746154     
        1000   31.415228475746154     

           0   34.119737289617980     
        1000   34.119737289617980     

           0   28.710719661874332     
        1000   28.710719661874332     

           0   24.275919388334550     
        1000   24.275919388334550     

           0   40.132276588387391     
        1000   40.132276588387391     

   36.444161007836456     
   30.760122186688854     
   30.911549224989404     
   30.653105346356273     
   33.504070210315540     
   34.709313737763836     
   33.172576662497761     
   33.596763441628255     
   34.072753858225823     
   33.240767276561876     
   31.232119242939469     
   30.760122186688854     
   36.018044174945175     
   29.817691961689771     
   32.933274410659770     
   32.625277889363950     
   34.131870705443383     
   33.172576662497761     
   26.324282890659081     
   34.490542744879818     
   29.975089833361533     
   27.068042852625574     
   25.916019569963986     
   31.231579122513015     
   32.979529436652072     
   24.549028920515330     
   32.021966547289161     
   35.428679697620026     
   26.280541911092225     
   36.450532169258594     
   31.836985647503369     
   30.911549224989404     
   30.653105346356273     
   31.064674802411933     
   33.080512467384430     
   33.724030341976409     
   33.596763441628255     
   26.324282890659081     
   36.259174592937271     
   30.410462662577622     
   28.684935145434373     
   29.975089833361533     
   29.817691961689771     
   31.219203443918829     
   34.867772152080221     
   25.281875407970755     
   27.295334212244192     
   33.028750137556344     
   31.683660356642250     
   32.177192628551566     
   27.477355164400343     
   24.549028920515330     
   35.639429596272606     
   33.264180267333607     
   32.933274410659770     
   34.580144659342970     
   33.464136443238061     
   26.280541911092225     
   31.759015846123717     
   31.869026198675993     
   30.901085740400930     
   27.561205122530492     
   32.487839596465811     
   35.702435367130740     
   36.452782293974508     
   32.920373261543219     
   30.954667595997705     
   32.560915197582048     
   24.735425992735209     
   31.246454320844283     
   32.741584193121255     
   29.530731616611995     
   25.090181892714845     
   29.361351008611095     
   30.689762401551036     
   33.182624190049161     
   31.080709416049171     
   29.079577672434070     
   35.139965173257785     
   30.231613505153266     
   35.821924113890958     
   35.868733395731837     
   30.152315307569445     
   32.000502473254699     
   34.737903173832038     
   32.137394922137169     
   26.990933961842352     
   34.374401033649036     
   31.223057463857984     
   32.423926738014273     
   31.631458668438842     
   24.903088508156586     
   35.517358941793006     
   37.847031332908522     
   33.808450360473465     
   35.654273951704305     
   29.003660997555524     
   34.687500353882655     
   29.448347958413677     
   33.327387364548343     
   30.730744691361014     
   27.477355164400343     
   31.617892144617230     
   29.270605312892069     
   31.735705346606451     
   31.080709416049171     
   32.301781722316434     
   31.775472549009173     
   32.779774937808860     
   35.786760167974442     
   31.359601964006060     
   30.779277712351533     
   30.242348577401231     
   34.920640199624479     
   24.735425992735209     
   26.377393716222766     
   34.978462371594333     
   28.566068007534444     
   33.240767276561876     
   31.728885985939389     
   32.392859227184445     
   33.009284280882092     
   31.231579122513015     
   28.176463936417328     
   32.625277889363950     
   31.701754995379073     
   31.605985799394677     
   26.356132326192377     
   28.175377418322345     
   34.168615416653736     
   30.498470883617046     
   35.080822305376401     
   28.535187527127498     
   32.979529436652072     
   25.835294929578613     
   32.021966547289161     
   32.262135205014573     
   24.903088508156586     
   36.821614795084869     
   28.684935145434373     
   30.407176005923141     
   30.242348577401231     
   33.059960527407448     
   29.862017488610054     
   30.071969645532285     
   32.918977289174045     
   32.671912669951610     
   31.601595076388374     
   31.920497482549948     
   27.266763603652517     
   32.615482233670157     
   33.548775524155630     
   34.216093409799036     
   32.608015488189146     
   32.920373261543219     
   30.891728641018755     
   26.356132326192377     
   30.607476766694848     
   32.177192628551566     
   32.580598225245318     
   28.143837680576794     
   29.486891553032443     
   33.264180267333607     
   27.900472413260371     
   33.468725355683745     
   32.529552956418172     
   26.947489855183591     
   36.645898366040711     
   31.973934775448505     
   33.208050214534950     
   33.284721379167365     
   32.487839596465811     
   30.154944878630467     
   30.689762401551036     
   30.410462662577622     
   30.954667595997705     
   31.145405179865527     
   31.223057463857984     
   33.265161542000897     
   32.741584193121255     
   34.784237233889030     
   27.295334212244192     
   33.771829872692450     
   29.231898914163189     
   34.415724275918890     
   24.275919388334550     
   32.898474701784082     
   30.485623339886605     
   34.376100589158945     
   37.284896397652012     
   31.253357671562188     
   33.464136443238061     
   27.900472413260371     
   34.261857196696383     
   31.926667821863767     
   31.093784991327723     
   27.561205122530492     
   29.448347958413677     
   32.415901769496116     
   34.004558149993272     
   31.064674802411933     
   32.221368051013101     
   29.270605312892069     
   30.719298998912727     
   31.274563072192169     
   35.174923167239548     
   25.546834762462261     
   25.090181892714845     
   29.671712297659639     
   30.754609448694552     
   32.761302034960046     
   31.617892144617230     
   26.525956507541117     
   31.735705346606451     
   25.683974128981312     
   31.683660356642250     
   32.789442299614890     
   30.152315307569445     
   35.813279200092403     
   32.013292430322757     
   32.589948029391650     
   33.559905051323042     
   35.076127816575152     
   28.908857079858336     
   34.807229263695454     
   31.874581231830202     
   30.151176782768129     
   30.901085740400930     
   32.249712474224516     
   30.007927274901689     
   33.009284280882092     
   29.204811674043164     
   32.310831435413903     
   25.791104303976343     
   32.323364583819000     
   31.776444872682909     
   28.240419911593126     
   32.965301743570620     
   27.980016660933718     
   33.367087081996182     
   29.361351008611095     
   32.364982258162250     
   29.183723690066454     
   25.683974128981312     
   30.800178615586358     
   34.094060702336137     
   30.231613505153266     
   31.772046767960642     
   34.273065124628971     
   34.156068719877943     
   35.891511759926196     
   33.059960527407448     
   26.994447753832723     
   33.847866947987264     
   28.912716764962372     
   29.774141476138006     
   34.147124700193757     
   30.027465785778077     
   28.176463936417328     
   31.142104085109125     
   29.486891553032443     
   28.796486834370274     
   35.654273951704305     
   28.524546250767539     
   25.193699631499541     
   31.692294906183552     
   33.327387364548343     
   30.730744691361014     
   32.580598225245318     
   25.835294929578613     
   32.766574926643088     
   33.599045247710166     
   26.205791376444154     
   34.304952135162814     
   31.775472549009173     
   28.343022401979965     
   33.612241099894050     
   33.265161542000897     
   26.963306139225640     
   37.716381089234204     
   30.578399232798425     
   32.200988511071102     
   29.746268020566880     
   33.976246709180387     
   28.566068007534444     
   29.168427399078489     
   28.942319960922873     
   33.783635790381389     
   34.318534017322158     
   30.565115153557215     
   26.076000633294342     
   33.478427947969905     
   31.701754995379073     
   31.605985799394677     
   34.369270682534193     
   28.175377418322345     
   32.621590156993300     
   30.498470883617046     
   28.143837680576794     
   27.266763603652517     
   33.608187466865068     
   26.377393716222766     
   34.261857196696383     
   29.286357355525915     
   31.844624522341267     
   34.716935465918354     
   35.426717700937786     
   30.407176005923141     
   34.004558149993272     
   33.301354042496740     
   29.862017488610054     
   32.524922563795236     
   29.797655191611174     
   31.541563709317195     
   31.601595076388374     
   31.920497482549948     
   29.453406345696106     
   36.059990924394050     
   34.586921179619168     
   35.537003315420797     
   29.637088362730314     
   30.835017089135121     
   31.020823719099262     
   34.300252566291107     
   31.954782627966694     
   32.667025923867989     
   32.156389783653623     
   25.140288555921011     
   32.844227103259136     
   32.695631576855668     
   27.352108537121204     
   33.468725355683745     
   31.312798411994205     
   26.947489855183591     
   35.830714420144133     
   32.383316082691536     
   33.208050214534950     
   30.374859469606506     
   34.965846603126060     
   30.154944878630467     
   35.349229294170058     
   30.182105332502832     
   28.268534566095045     
   33.219416685768643     
   28.114776309562551     
   34.437985917969947     
   32.965301743570620     
   26.525956507541117     
   33.367087081996182     
   30.836252690160038     
   31.112972558396738     
   34.372097330800848     
   32.774690072291250     
   36.078166944884650     
   32.693791787239299     
   33.911769116619958     
   30.700873745388481     
   33.550949204551792     
   26.697180266580389     
   27.352108537121204     
   31.447621699405961     
   31.926667821863767     
   31.093784991327723     
   28.782441514005555     
   29.985505808699831     
   33.970559238570978     
   32.439150857936397     
   29.587986084016361     
   25.791104303976343     
   30.576854834195238     
   32.046424617606782     
   24.275919388334550     
   34.864728597334434     
   27.980016660933718     
   35.803199236039411     
   29.671712297659639     
   31.283526663635609     
   30.941691902098832     
   29.546030125386061     
   34.202639021576999     
   33.599045247710166     
   29.616913258570616     
   35.026035473183086     
   31.743434310504220     
   34.282943923122914     
   33.824105646843023     
   32.013292430322757     
   32.113832059733639     
   33.612087186315527     
   26.587952444192126     
   26.954079423054832     
   34.807229263695454     
   28.560344538392844     
   28.666735947237349     
   30.611007944675517     
   32.621590156993300     
   28.781390080973711     
   34.318534017322158     
   29.380808557966635     
   25.193699631499541     
   25.905291100059433     
   32.757180923276721     
   31.776444872682909     
   33.967981044172035     
   26.170514206417671     
   30.972240711818426     
   34.353687133412990     
   32.993409550092203     
   33.847610570733742     
   29.183723690066454     
   30.204252161493400     
   29.064838578229356     
   31.541563709317195     
   25.546834762462261     
   34.716935465918354     
   27.502389796272645     
   31.624041486153150     
   29.602303598848358     
   35.526930059661922     
   33.473868735104737     
   29.168427399078489     
   31.801328940697982     
   28.240419911593126     
   34.467402497888003     
   30.027465785778077     
   26.076000633294342     
   32.174318037843676     
   31.755010543279599     
   28.796486834370274     
   26.137674657073497     
   28.524546250767539     
   33.332066761542741     
   29.464076321700070     
   31.543653161346743     
   29.746436827911396     
   32.156389783653623     
   29.885712584811937     
   33.642709082044320     
   33.153432117343556     
   30.415065376854212     
   34.944600152037516     
   31.207689693106772     
   32.361768079896862     
   33.364752546604791     
   31.099367151365939     
   27.717760414906550     
   32.524922563795236     
   28.362225008876585     
   32.200988511071102     
   29.746268020566880     
   31.175015342517124     
   31.951223699859792     
   33.867853294919854     
   28.942319960922873     
   34.437985917969947     
   35.089803215361499     
   30.565115153557215     
   32.515142397499865     
   27.905632778748689     
   26.994447753832723     
   32.309314958687416     
   32.307026067948364     
   25.140288555921011     
   31.498234943055891     
   30.980113924737825     
   30.754609448694552     
   33.394465404826200     
   33.023392427227307     
   33.073819244429295     
   38.323423650795327     
   29.286357355525915     
   31.844624522341267     
   30.374859469606506     
   28.726029034731592     
   32.290426164935091     
   31.283526663635609     
   33.537271925818480     
   26.757271853286955     
   32.594816067832795     
   29.797655191611174     
   34.994253941580951     
   32.895644134326574     
   26.487873870215811     
   31.599983340270011     
   30.272766752576068     
   26.963306139225640     
   36.186166738462951     
   37.697168582332615     
   32.742018600312790     
   29.164943568998474     
   34.165118130740034     
   30.568867940404093     
   33.668645745838447     
   30.646207693442445     
   32.484296458752596     
   35.709924007721668     
   30.675420134929517     
   33.340233860147613     
   28.782441514005555     
   30.325441669868198     
   30.693905804152994     
   34.664694535957736     
   31.512654784841786     
   32.047397844043040     
   28.029246259642104     
   29.587986084016361     
   29.637088362730314     
   34.552822562660261     
   29.759790757965025     
   34.572062332928404     
   33.219416685768643     
   29.774141476138006     
   33.706140964682902     
   26.630495888332597     
   32.734359932410008     
   34.353687133412990     
   27.603252162833677     
   31.112972558396738     
   33.863878170189494     
   28.922529887897483     
   34.311952059037814     
   33.940057529412911     
   33.911769116619958     
   28.278651124908965     
   26.587952444192126     
   26.697180266580389     
   34.929995037313809     
   30.634783427715352     
   26.487873870215811     
   31.035355963349062     
   32.930608911093735     
   30.154608818957065     
   34.467402497888003     
   29.778989242006521     
   32.114485312411666     
   30.272766752576068     
   31.298709158398392     
   32.245738638632240     
   31.454450719310703     
   34.864728597334434     
   32.280592598494501     
   35.803199236039411     
   27.367415327297596     
   32.641392897223874     
   30.941691902098832     
   27.603252162833677     
   31.447621699405961     
   34.714494364423508     
   29.616913258570616     
   34.944600152037516     
   27.502389796272645     
   28.114776309562551     
   33.824105646843023     
   35.483425852044569     
   33.626777962221674     
   31.727199910863380     
   32.917209682711395     
   25.771861853578137     
   35.264631106824488     
   27.722221859683927     
   29.149108857689225     
   30.578399232798425     
   31.498234943055891     
   28.781390080973711     
   33.770500026528161     
   29.380808557966635     
   32.515142397499865     
   32.000503141371034     
   34.233145474691582     
   32.126460750180797     
   32.307026067948364     
   27.180625736320579     
   30.972240711818426     
   33.997133423369164     
   34.887339775627837     
   36.730925887366837     
   31.142104085109125     
   31.388503136223534     
   30.684531624613765     
   30.370758638854308     
   27.926820624440992     
   29.331491676590627     
   27.987820133143529     
   31.624041486153150     
   31.283097177945184     
   31.904013474111796     
   28.167196691980944     
   32.594816067832795     
   29.761563758342795     
   33.872202487080521     
   37.290488378914006     
   33.668645745838447     
   31.978556825853435     
   34.410488345787186     
   31.755010543279599     
   30.570200980023881     
   34.336301755727703     
   26.954079423054832     
   32.931614741236686     
   29.464076321700070     
   31.065713326197738     
   29.746436827911396     
   27.324045818423837     
   26.838621219737824     
   36.730925887366837     
   33.153432117343556     
   30.415065376854212     
   26.238542758262096     
   28.726029034731592     
   32.361768079896862     
   33.364752546604791     
   30.854409858862208     
   26.757271853286955     
   33.157363808506616     
   28.362225008876585     
   28.167196691980944     
   32.808994419127814     
   31.175015342517124     
   33.073819244429295     
   35.856404674235634     
   29.985505808699831     
   34.432124877175504     
   35.914549914720517     
   32.742018600312790     
   32.945210069455435     
   33.364116406304859     
   32.194005122008981     
   32.309314958687416     
   28.098769163283773     
   30.653831137549364     
   35.591644774772234     
   30.217377156113432     
   30.719514109424470     
   29.453406345696106     
   33.023392427227307     
   29.136722374269556     
   35.988875761421887     
   36.899514200926532     
   32.047397844043040     
   32.607544719242902     
   32.127253289299361     
   33.462056348409249     
   33.660887883379552     
   28.464240647610001     
   28.814869426221517     
   34.295283433474935     
   30.129809361311082     
   33.177424321946795     
   26.630495888332597     
   31.246992496183118     
   31.599983340270011     
   35.301780829159938     
   26.997711060840732     
   34.416747449992727     
   27.138140649033030     
   34.408917530698282     
   29.164943568998474     
   32.042789789285507     
   28.475714878426718     
   24.617258359849735     
   30.646207693442445     
   30.719514109424470     
   34.102074587598310     
   30.675420134929517     
   31.035355963349062     
   32.917209682711395     
   30.204252161493400     
   33.694203610408202     
   32.522385475249223     
   32.734480654871994     
   30.718928079102518     
   28.365008417419876     
   32.991879632049560     
   28.645149131964551     
   34.552822562660261     
   34.948893984220319     
   34.572062332928404     
   29.657426199205915     
   29.927612289848351     
   33.706140964682902     
   26.699532505765610     
   32.734359932410008     
   33.997133423369164     
   31.786016281494319     
   33.920848012272010     
   34.861645064721152     
   28.922529887897483     
   33.671891754717635     
   30.997912398103555     
   31.764188628841641     
   27.118674539717794     
   34.509104331723286     
   26.580877899198509     
   35.902451092642856     
   28.415911871904619     
   30.936465194858140     
   36.097473620601470     
   32.931614741236686     
   30.154608818957065     
   28.650791790327851     
   31.631638973365074     
   31.978556825853435     
   31.525769799564895     
   32.542397995138515     
   32.194513612051615     
   31.454450719310703     
   25.845094019982952     
   34.682312553842294     
   34.555407671382305     
   27.367415327297596     
   27.923251724266052     
   30.611007944675517     
   29.507341435981740     
   30.118357573201038     
   31.996951666492876     
   28.005510134030683     
   29.331491676590627     
   31.359187186518795     
   32.776458091263493     
   33.063232770124792     
   32.373059470569814     
   26.189129594971440     
   33.157363808506616     
   32.076185611804881     
   31.125441928692418     
   37.521172587520638     
   27.722221859683927     
   32.297692969363084     
   31.075093140137422     
   32.433209717818386     
   29.124201217925183     
   33.021640917349629     
   25.725137028581322     
   33.461600798629632     
   31.719243640833639     
   30.291880927936791     
   29.739316831903555     
   27.324045818423837     
   35.342067404915454     
   36.170673033834227     
   33.103034657867241     
   30.097497005438402     
   26.238542758262096     
   31.626499183409354     
   31.388503136223534     
   31.049962636844395     
   31.942236607900053     
   31.729030856748384     
   32.254600495027709     
   27.987820133143529     
   33.164753019636038     
   31.264843852007559     
   31.904013474111796     
   30.013606594262708     
   34.361724548600542     
   29.761563758342795     
   33.177424321946795     
   32.688361356382231     
   27.061228458769008     
   31.737809639732163     
   31.136244665094125     
   30.649067061904191     
   31.094521226882630     
   28.098769163283773     
   29.271676963344706     
   32.220609375113959     
   29.581387949951132     
   31.065713326197738     
   28.105524172011243     
   34.233560902386778     
   29.515605346095786     
   34.557818945581445     
   29.078472282124075     
   31.258676009777087     
   32.225662223784859     
   33.155867868751834     
   34.335417299192365     
   29.927612289848351     
   30.854409858862208     
   30.109211883305310     
   32.544567615670601     
   30.495015898308292     
   33.112443953818897     
   30.363539894124326     
   39.311686575693180     
   30.684531624613765     
   34.567726718686586     
   27.926820624440992     
   33.900655228543499     
   31.442762568511586     
   30.649067061904191     
   32.945210069455435     
   33.364116406304859     
   32.287128259920671     
   24.617258359849735     
   31.375613797140435     
   30.653831137549364     
   32.584178488545923     
   30.217377156113432     
   31.113401390089152     
   33.912775419432144     
   31.928175019931722     
   29.136722374269556     
   34.224214228110995     
   34.878914090656522     
   35.071568721504114     
   31.560351006600822     
   32.106033652110170     
   33.091051077022819     
   32.685522269216200     
   29.690859062308693     
   32.956285988202715     
   33.057564183281265     
   30.129809361311082     
   31.371138083874911     
   26.699532505765610     
   31.246992496183118     
   34.120281560314879     
   26.174171801427612     
   36.076616908804176     
   31.419043173630339     
   27.138140649033030     
   33.666405098456735     
   32.127309919900661     
   32.042789789285507     
   28.475714878426718     
   33.988866715860297     
   30.682405795084797     
   32.649650280337873     
   33.102405699214245     
   32.434443740058398     
   31.967099094420728     
   32.526318048837915     
   33.504840791883673     
   28.755657006048565     
   29.739316831903555     
   32.297692969363084     
   34.220068826129825     
   29.833307017328668     
   32.843276559730725     
   32.125112297114526     
   25.845094019982952     
   26.580877899198509     
   35.464138380116182     
   29.657426199205915     
   30.100356320926199     
   32.087227057834070     
   26.174171801427612     
   33.215781985629988     
   33.103034657867241     
   28.464240647610001     
   30.908775355345330     
   32.978329456411558     
   31.141102660728869     
   32.959735240844786     
   33.828066075416288     
   26.189129594971440     
   35.689542134831044     
   32.822184083339401     
   28.645149131964551     
   35.967528214014912     
   28.415911871904619     
   34.004702913915459     
   33.057564183281265     
   32.220609375113959     
   30.956401600040081     
   32.688361356382231     
   25.725137028581322     
   31.737809639732163     
   33.015181777035387     
   30.495015898308292     
   31.312190941004829     
   33.814537604165089     
   28.204856970107464     
   30.997912398103555     
   33.722023289491958     
   27.118674539717794     
   33.405419610506499     
   35.015825406681195     
   30.696208355716379     
   30.118357573201038     
   30.549646815974477     
   28.005510134030683     
   32.400375363891968     
   31.359187186518795     
   28.755657006048565     
   33.825213091406084     
   31.965251645427802     
   31.442762568511586     
   32.544567615670601     
   32.076185611804881     
   31.125441928692418     
   35.928227685916298     
   27.061228458769008     
   33.972151767168704     
   31.075093140137422     
   31.653128316440789     
   34.341780478590884     
   33.886314097435609     
   32.685381294572814     
   33.102327331759177     
   31.719243640833639     
   32.341798811327699     
   28.105524172011243     
   31.375613797140435     
   31.560351006600822     
   32.584178488545923     
   28.733988890132565     
   30.097497005438402     
   40.132276588387391     
   30.549646815974477     
   33.760370879556788     
   31.849190501953593     
   31.942236607900053     
   30.109211883305310     
   34.579582267550670     
   29.436015798047439     
   30.677595793480947     
   31.264843852007559     
   28.204856970107464     
   30.013606594262708     
   35.756309987157131     
   26.789305683737034     
   31.371138083874911     
   32.680365274702893     
   31.567698085188137     
   34.725255119211667     
   32.649650280337873     
   35.192689471244890     
   32.774213846679771     
   36.598031482370239     
   29.271676963344706     
   35.645914415025594     
   29.581387949951132     
   28.316919816780761     
   34.354568491790822     
   28.093985630574792     
   29.515605346095786     
   33.102405699214245     
   29.278022096745566     
   31.967099094420728     
   32.225662223784859     
   30.720306199757950     
   32.600830836373198     
   32.949217156822137     
   29.690859062308693     
   30.677595793480947     
   32.996363562602447     
   32.843276559730725     
   34.376405966530335     
   28.557483566596286     
   26.789305683737034     
   31.431550244899526     
   32.959735240844786     
   33.452583098434431     
   31.419043173630339     
   31.539861590757642     
   33.215781985629988     
   28.733988890132565     
   32.215766113980365     
   31.925358024525547     
   32.978329456411558     
   32.402733158113072     
   28.316919816780761     
   35.652380172542813     
   28.585410201286624     
   37.812058820722726     
   32.822184083339401     
   30.654178355386481     
   34.756079121786364     
   31.312190941004829     
   32.267997454394028     
   33.977795252067423     
   30.731294047952094     
   34.554140557877815     
   28.038158404040445     
   28.557483566596286     
   32.345780024353772     
   33.439511647191352     
   32.425206758267102     
   28.365739085580472     
   31.925358024525547     
   33.696957224229934     
   32.600830836373198     
   32.588384297331366     
   34.535862637024373     
   33.405419610506499     
   28.093985630574792     
   32.215766113980365     
   29.644419712428657     
   34.963658450243628     
   34.235739162356559     
   31.539861590757642     
   34.421688690107011     
   28.038158404040445     
   32.588384297331366     
   32.271670420261081     
   30.654178355386481     
   29.626973716100316     
   29.644419712428657     
