           0   84.901749989985021     
           8   84.901749989985021     

           0   84.902570099976430     
           8   84.902570099976430     

           0   84.900929879993612     
           8   84.900929879993612     

           0   84.901150171562762     
           8   84.901150171562762     

           0   84.903829250907876     
           8   84.903829250907876     

   84.901646317388071     
   84.901214124123200     
   84.901150171562762     
   84.901582283658470     
   84.901781283288997     
   84.901150171562762     
   84.901646317388071     
   84.903829250907876     
