           0   38.638175609439436     
        1000   38.638175609439436     

           0   39.666734721966641     
        1000   39.666734721966641     

           0   37.609616496912231     
        1000   37.609616496912231     

           0   36.678587214200647     
        1000   36.678587214200647     

           0   41.544682100617237     
        1000   41.544682100617237     

   40.052333953680595     
   40.092454458459194     
   39.242847764339658     
   39.779281150677889     
   38.249859777616173     
   37.688386036921301     
   36.749945189449086     
   36.679205422779653     
   38.504972363285333     
   39.146917129899762     
   37.002639546871137     
   37.708416436632255     
   39.682082224499247     
   39.176109958684556     
   37.468766288652063     
   39.066522483969194     
   38.178880384695468     
   39.203384409177666     
   39.623445786940515     
   37.579822471021991     
   36.701515819387552     
   40.115759401263290     
   39.275360241327832     
   38.165336857933283     
   37.874063728676234     
   39.846315899458411     
   38.757176531990275     
   39.058915358155225     
   39.955815544238298     
   39.401846805350985     
   38.086613820152493     
   36.819919634736287     
   39.292219517698150     
   37.073630825370330     
   37.682063158754580     
   39.195489118209935     
   40.499718910251019     
   37.621500499832436     
   37.039746658331275     
   39.183817509695963     
   40.629221285242060     
   37.360818483435928     
   36.723704086340746     
   39.461923659117552     
   38.249859777616173     
   37.148967047435384     
   37.730905544030428     
   38.381005830240952     
   37.462845191776772     
   39.174113166276200     
   37.683577547153249     
   39.659813471354880     
   38.452228811713816     
   39.342983125169454     
   39.127769308022593     
   39.658971346901183     
   39.399820398122415     
   39.672655512084695     
   36.819919634736287     
   39.314322157822140     
   37.831037118097754     
   39.859171539039870     
   36.921362772282869     
   39.810850667169916     
   36.705687747353139     
   38.901220288728950     
   39.551080123475565     
   38.029560469227405     
   40.926298905314304     
   38.979257355134919     
   38.320604889362585     
   39.793824063560223     
   37.095775592150034     
   37.749424548803489     
   38.552967624859647     
   38.594218642462657     
   38.762484337351694     
   38.663114989629726     
   39.438580863356762     
   37.694534658850444     
   37.221533535248120     
   39.727330260151497     
   38.080358890003573     
   37.109331138322453     
   38.775179357597004     
   39.834779836057059     
   37.231483494642688     
   39.028940145347924     
   40.279343958230804     
   39.556832991494034     
   37.694534658850444     
   38.524446487718926     
   39.338140793600360     
   38.686560461951501     
   37.792695021785640     
   37.039746658331275     
   39.482520689782675     
   38.401323678246662     
   38.940562970857478     
   40.349000666155106     
   39.603525216987499     
   38.846803461743740     
   39.396723415285329     
   38.724815213573123     
   39.500442088174132     
   38.075054807524040     
   37.721922564020439     
   38.955193280304059     
   39.713304593399769     
   39.852408911968922     
   39.275360241327832     
   38.015305638244492     
   39.544318185206755     
   38.912279180273593     
   39.061104711488724     
   38.930294498716911     
   38.100434662952367     
   38.866111667248973     
   38.973252486823995     
   38.157871794695012     
   38.475612576363531     
   36.758089899725817     
   38.930944306876057     
   38.343452571172435     
   37.535471742452231     
   36.947565279972459     
   37.984026435631897     
   38.546199025028038     
   38.285830468923443     
   36.954926081113861     
   38.767714577091375     
   39.175832094798984     
   38.937622163842050     
   36.921362772282869     
   37.749100273888359     
   38.015708377605897     
   38.929575026545940     
   38.634591641201325     
   36.716710960554934     
   39.397315665179384     
   38.035575234442042     
   38.791601035614534     
   39.828164546348887     
   39.574916797307004     
   36.913921391494526     
   38.797725808762401     
   40.108599305648859     
   36.880867774127715     
   38.500875078005656     
   40.044564244125489     
   40.584789376477971     
   37.121997196317452     
   39.354321299468388     
   40.713598843223913     
   37.599855142607439     
   36.894331405974590     
   38.959085897873194     
   39.129569913467463     
   37.092196022902435     
   37.186830119528409     
   38.835980057441986     
   39.708458135534649     
   38.261303520892305     
   40.093020156213193     
   39.477177960155394     
   36.861181251908810     
   39.359492666131430     
   37.850175313881088     
   36.711363542779623     
   36.980382251607452     
   36.882947302928066     
   38.835759214711914     
   40.092307850845962     
   39.084752424853413     
   38.074832692945925     
   37.721922564020439     
   38.912279180273593     
   37.552449688728814     
   40.256322686329504     
   36.882947302928066     
   37.243883698556196     
   37.788904579481716     
   37.548706480124750     
   38.874748545782289     
   37.764159055025210     
   38.518378707137529     
   38.085342095484947     
   38.074832692945925     
   40.323439715086280     
   37.426934060679727     
   39.604203661747697     
   37.881871134480477     
   39.104066105845618     
   40.636758543633512     
   38.442530689287054     
   37.992803214863976     
   37.831110866172182     
   39.878106041859752     
   39.209586271619180     
   40.035870451007433     
   38.712279898307699     
   38.926406622175705     
   37.162632723945684     
   37.426934060679727     
   39.838349500771088     
   39.191252067548824     
   38.548105723069185     
   38.048248416648320     
   39.145835807689664     
   37.605516607591056     
   39.069945226932923     
   38.790177489363295     
   38.299885367906498     
   37.435705726519672     
   39.505344385265985     
   39.705023848928697     
   38.982840678152634     
   40.536262667929982     
   38.561814908700221     
   39.964832937123411     
   40.098267922372067     
   37.599855142607439     
   38.184364069524314     
   39.136805100104041     
   39.442680462976000     
   39.648464747688706     
   38.097218178233220     
   36.705687747353139     
   39.789365590817390     
   38.075054807524040     
   37.884770933522013     
   39.003668800868567     
   38.304760278640963     
   40.466080372572925     
   39.398271983323831     
   40.261503212653537     
   38.160659493034643     
   38.019830800884115     
   38.819398276704021     
   38.881411522884306     
   39.292192771315072     
   38.604194199359803     
   37.915917230569178     
   38.538350219816785     
   38.268224406044972     
   39.630481460821393     
   40.899480281429796     
   37.831341946550772     
   39.913309427263549     
   40.047501630240127     
   38.967601279138165     
   37.616471602047703     
   37.895750782637172     
   39.268018228674912     
   37.593712097537065     
   41.165749301350949     
   38.959085897873194     
   38.035575234442042     
   37.758925574405048     
   40.486184584641151     
   37.162632723945684     
   37.749424548803489     
   37.501345692970162     
   38.837712217312045     
   37.024818407786817     
   37.166708284704711     
   40.588217598286057     
   38.243844370764840     
   39.556382042755679     
   37.692650044608769     
   38.517130207263108     
   39.032896125782280     
   40.175761282672831     
   37.744730850324721     
   38.758605364130908     
   37.323035662803782     
   37.595482539730902     
   39.085351583940302     
   38.428187882410718     
   37.819497215977940     
   40.497785897480831     
   39.143766707355049     
   38.850788137266953     
   38.783907225794408     
   38.705246169083104     
   38.828071284233410     
   38.885393276177396     
   39.175832094798984     
   40.217716768774416     
   39.066522483969194     
   39.718120711235343     
   39.941890570962492     
   38.831950164210888     
   37.851612405349016     
   39.779317010575816     
   38.107798274354707     
   40.792592889138483     
   39.490420123411702     
   38.663114989629726     
   39.917509047930764     
   39.436061877865946     
   38.518378707137529     
   37.861922554349704     
   39.083463464770851     
   40.026619958384728     
   37.647628943126733     
   37.287284139441610     
   39.387581012233099     
   38.913089080155231     
   37.070746518178112     
   40.328396046167740     
   39.266798083435674     
   39.529874611205919     
   39.544746584778679     
   38.987788728541645     
   38.723964540220663     
   37.198784407235330     
   39.333605940362531     
   37.073630825370330     
   40.614883778541461     
   40.405300901812090     
   38.255424763275315     
   38.280963229281930     
   39.042706412422547     
   37.850175313881088     
   38.481806574324381     
   38.540379849961631     
   38.454971073910222     
   37.708416436632255     
   37.297990525712564     
   37.184017037396579     
   39.233006176838046     
   38.487881988277039     
   38.442530689287054     
   38.090013322450893     
   38.776349896137830     
   40.592015974457119     
   40.208555871682535     
   37.993062005550350     
   39.820582840909466     
   37.980799888847166     
   37.636373864451222     
   37.649500714120762     
   38.656162795937497     
   38.133826085615638     
   38.586416375450597     
   39.653573229204468     
   36.802369868399438     
   38.846803461743740     
   37.611893562249932     
   37.041047402561190     
   37.286990191467012     
   39.033665950163780     
   37.611893562249932     
   38.045686686040874     
   38.531169756776031     
   39.429526340392151     
   39.436720055772483     
   41.544682100617237     
   38.944640431980083     
   37.552449688728814     
   39.559823925921791     
   37.664750289514259     
   38.386837935226055     
   38.212481326712975     
   40.767289448083275     
   40.015111576021162     
   38.751015220830013     
   39.555229556872639     
   38.186979100295851     
   38.775586781355543     
   37.749100273888359     
   39.127213495009997     
   37.243883698556196     
   38.149003871392921     
   38.807190984659343     
   36.980209237712451     
   38.837387370734739     
   38.340982344878178     
   37.431975610622821     
   37.747567798090294     
   39.672655512084695     
   39.368028118558726     
   38.827460320501864     
   38.340982344878178     
   36.795576886480973     
   37.511029784107436     
   39.589308240918299     
   38.870540730753987     
   37.092196022902435     
   39.342373449007894     
   39.781244884051382     
   38.561572167581971     
   38.564977833591314     
   39.443059385442609     
   37.196585765377449     
   37.965097992287475     
   39.633696203996678     
   38.664277364225292     
   40.509813727510164     
   39.042706412422547     
   38.209737732537896     
   38.774572777306894     
   37.478315859867472     
   37.683140943853907     
   39.255143555965006     
   39.634277958067109     
   39.554979992738275     
   37.853491183835395     
   39.778467031354246     
   37.740128340405938     
   38.831950164210888     
   38.640342721935731     
   37.111996624309910     
   36.954926081113861     
   36.833899749588895     
   39.695511186860948     
   37.552320471313195     
   37.109331138322453     
   40.555712984588830     
   39.470440229930837     
   38.100434662952367     
   38.115338703073050     
   39.957826435378749     
   38.353221267820544     
   37.286990191467012     
   39.138704587248448     
   38.205623421123484     
   36.704283629624008     
   40.715909254748297     
   39.566432879100027     
   40.440974932055433     
   38.664277364225292     
   38.989642858310418     
   38.751015220830013     
   39.447090301099728     
   37.184017037396579     
   37.805701776011496     
   40.912952168006754     
   39.241661746874634     
   37.398018733754398     
   38.839054288644874     
   39.740813971955006     
   38.535529212558288     
   37.851612405349016     
   39.395154091532184     
   39.688401275606346     
   36.954274177132319     
   38.165336857933283     
   38.973252486823995     
   39.193394463811174     
   39.755266492484481     
   40.138701385686701     
   39.253841800988596     
   38.594218642462657     
   36.976480371234572     
   38.600565778747615     
   39.447090301099728     
   39.570839852286007     
   38.428187882410718     
   38.141780551075549     
   38.915280751692244     
   39.382972348923943     
   37.928793683112090     
   36.990952849528483     
   39.429526340392151     
   38.371098865673389     
   38.411814033282077     
   39.551753236149992     
   37.969188537268508     
   38.349073929523989     
   38.295670277601651     
   38.909989017366819     
   37.881053776769562     
   38.730135004223719     
   36.861181251908810     
   37.421193307436347     
   39.551080123475565     
   39.705571590934490     
   39.397315665179384     
   39.791940803179607     
   38.790177489363295     
   39.626493975804834     
   40.495220309184219     
   40.519823877534179     
   40.640823119971472     
   39.327598288056748     
   40.086273018681823     
   37.984633186699675     
   38.872616151047637     
   37.535471742452231     
   39.387581012233099     
   38.775947538454041     
   36.949681603029973     
   38.799456610177231     
   38.133539853752467     
   37.682063158754580     
   39.210291627797872     
   36.704283629624008     
   37.579822471021991     
   39.043678594182801     
   37.622801656966828     
   39.874075588106642     
   38.836668523715538     
   39.944596953041199     
   38.712279898307699     
   40.089774736172551     
   38.525871715845170     
   39.634277958067109     
   38.337320446111789     
   40.201333889468501     
   38.730676727044944     
   38.223746916422940     
   37.111996624309910     
   37.134522008772421     
   38.640342721935731     
   38.361804968675806     
   39.058915358155225     
   37.501345692970162     
   39.889717786134604     
   38.152157963663655     
   37.812008298725537     
   39.692142680176630     
   38.355557188468474     
   38.097218178233220     
   37.360804205595443     
   38.487881988277039     
   38.802821219200325     
   38.723964540220663     
   36.795576886480973     
   37.595482539730902     
   37.935170740358643     
   39.443824250453076     
   38.940562970857478     
   39.036203190780746     
   37.848964019373753     
   37.744730850324721     
   39.076358766077483     
   39.091591640011110     
   38.723079376897658     
   39.054782038570480     
   38.703612596949100     
   40.167906941746651     
   36.920949155266108     
   41.198909991434270     
   37.895750782637172     
   36.701515819387552     
   38.625165630089676     
   37.812008298725537     
   37.323035662803782     
   36.916227929376234     
   38.517019007293982     
   38.562338645417860     
   37.683577547153249     
   37.121997196317452     
   38.391389418204618     
   38.253666230348429     
   38.612292378763563     
   39.108142157333631     
   40.144121444003900     
   38.450343425733976     
   39.222306295559321     
   38.330157180850982     
   39.482104493468000     
   38.353631936815567     
   37.537823396845930     
   39.108931284338063     
   36.980209237712451     
   39.217739901500238     
   38.157871794695012     
   39.524217101135534     
   40.806592870591743     
   39.457997903789433     
   37.785493757059662     
   38.705246169083104     
   39.413708997803944     
   40.677496611362940     
   37.221533535248120     
   38.882957487799516     
   37.964104773341028     
   37.915917230569178     
   39.304002468085834     
   38.349073929523989     
   38.724815213573123     
   37.827222135724185     
   39.338351061546497     
   39.898416691799873     
   38.813277554427984     
   39.651144107717684     
   38.576144467280493     
   39.263123723102979     
   38.062445300790010     
   39.092616574442765     
   36.947565279972459     
   39.166390161243172     
   38.797725808762401     
   38.854368505503089     
   40.617827161545051     
   40.234362476667762     
   37.751128017658289     
   37.095775592150034     
   37.848964019373753     
   41.444979457581333     
   38.535529212558288     
   40.088719145251524     
   38.644622911032599     
   38.519564492982489     
   37.788904579481716     
   38.757176531990275     
   38.119535359851874     
   39.460173428023062     
   39.293665779310118     
   39.543025345321261     
   40.099040210626377     
   38.828071284233410     
   38.482368118693245     
   39.263511403553224     
   39.702460899057357     
   40.315202340849659     
   38.854368505503089     
   39.294683035761210     
   39.414943773431453     
   40.918279887561390     
   38.785403757937829     
   38.063154216732528     
   38.955193280304059     
   38.091134644123720     
   39.417787022974764     
   38.792299774393243     
   39.875673293754765     
   38.778538990257104     
   38.954007741617986     
   38.133539853752467     
   38.211106537362852     
   39.935467527961514     
   37.882782704326317     
   38.540379849961631     
   37.904351309963943     
   39.637150961382503     
   38.561572167581971     
   36.765154874399450     
   39.054782038570480     
   38.683957832956104     
   38.561814908700221     
   39.371430385882114     
   39.694189881751299     
   37.336412115516346     
   39.537407510461641     
   39.735873188284408     
   38.045686686040874     
   38.007698873680660     
   38.178880384695468     
   39.614703627878392     
   38.631575490142922     
   39.615219536724041     
   39.545530083068073     
   38.807190984659343     
   38.881411522884306     
   39.726815399340019     
   38.837712217312045     
   38.630226653060475     
   39.227774848694580     
   38.062445300790010     
   38.404780054553562     
   38.674420044494333     
   38.304760278640963     
   37.791788102471635     
   38.910435886929385     
   37.791788102471635     
   37.902089792050830     
   39.163971521755101     
   38.480518453353802     
   39.507337286949387     
   38.212481326712975     
   39.020585950433052     
   37.686231546915444     
   38.355557188468474     
   39.192889369120401     
   39.573968653919977     
   37.478315859867472     
   38.581371870875863     
   37.144774171729388     
   39.109091459576568     
   39.676394343515874     
   37.642484311498414     
   36.679205422779653     
   38.519564492982489     
   39.056496997552436     
   38.813277554427984     
   39.054817070649399     
   38.280963229281930     
   38.917819220356527     
   37.847211267004475     
   37.617486747770627     
   37.047527525528828     
   38.807170319447970     
   38.442074514606951     
   39.003518145007156     
   37.360804205595443     
   36.678587214200647     
   37.511029784107436     
   37.751128017658289     
   38.618657953636742     
   39.128450272370380     
   39.228340410108238     
   39.395154091532184     
   39.259206557714279     
   38.124913157026214     
   36.949681603029973     
   39.361650199115246     
   39.908016866236274     
   38.482227193851109     
   37.688386036921301     
   38.886856795726736     
   39.094457409474103     
   36.716710960554934     
   39.686290135371699     
   37.988016884722093     
   36.726665793933321     
   38.870540730753987     
   40.338276426189637     
   39.888098370461620     
   37.417809052691460     
   37.730905544030428     
   39.401846805350985     
   37.621500499832436     
   40.070359738959702     
   38.722641912369653     
   38.830778189751676     
   39.487355952967299     
   38.508496947631237     
   36.954274177132319     
   40.466080372572925     
   39.003668800868567     
   38.166053653174814     
   38.094524705847419     
   39.344492004940527     
   38.546199025028038     
   38.152157963663655     
   38.358549192110637     
   37.831110866172182     
   40.026284300283038     
   38.353221267820544     
   37.196585765377449     
   39.255761824297096     
   37.992803214863976     
   40.685107958312940     
   37.904357343129639     
   37.047527525528828     
   38.477852882761923     
   36.920949155266108     
   36.928309206200971     
   38.230859569730093     
   38.141780551075549     
   37.287284139441610     
   40.206700090237469     
   38.315296465471299     
   38.550905929093965     
   39.396944194409350     
   39.603525216987499     
   38.011900201565965     
   38.429118868288782     
   38.644622911032599     
   38.989068118678631     
   38.155841612407059     
   37.785493757059662     
   37.537823396845930     
   39.030896595542828     
   39.179172801120622     
   37.130651670909302     
   39.710652426833853     
   37.398018733754398     
   38.371098865673389     
   37.417809052691460     
   37.837352180803599     
   39.995160123704018     
   36.928309206200971     
   38.618657953636742     
   38.683957832956104     
   39.686290135371699     
   39.791940803179607     
   39.421196707161201     
   38.604194199359803     
   39.163971521755101     
   37.981130832232992     
   38.107798274354707     
   39.524026999940482     
   38.212552253851698     
   37.753728544367640     
   38.850788137266953     
   39.003258590075767     
   40.461305303444398     
   39.091310473465192     
   40.784240484622295     
   37.548706480124750     
   40.776510023824009     
   37.048923627686591     
   39.258210905974721     
   39.881305567974344     
   39.143766707355049     
   40.876798491201761     
   39.368028118558726     
   38.508496947631237     
   37.805701776011496     
   38.094524705847419     
   38.698294478026433     
   40.361447318266890     
   37.993062005550350     
   40.024635928890632     
   39.189067657659280     
   38.600565778747615     
   37.827222135724185     
   37.831341946550772     
   40.157270123506365     
   40.606174714637625     
   38.630226653060475     
   40.225595606023049     
   37.882782704326317     
   39.214075757993228     
   37.002639546871137     
   40.858130946191679     
   37.747567798090294     
   37.881871134480477     
   39.338140793600360     
   38.500875078005656     
   40.474948895792338     
   39.111507127122287     
   39.921929624547573     
   40.540611829947188     
   39.232227305486504     
   36.910018413474340     
   36.980382251607452     
   37.048923627686591     
   39.676969400942227     
   37.088321349963081     
   36.802369868399438     
   37.151643324351760     
   37.305516829062796     
   40.346722581403746     
   38.982840678152634     
   39.592587939676889     
   39.018189422655496     
   38.367399027373217     
   38.722641912369653     
   39.342983125169454     
   37.846419053355710     
   39.764425098665129     
   36.723704086340746     
   37.173138156135522     
   38.959943152375644     
   38.989068118678631     
   37.904351309963943     
   36.990952849528483     
   39.127769308022593     
   39.089150303749847     
   39.514530033893301     
   37.988016884722093     
   37.805889029607073     
   39.287360992267587     
   38.531169756776031     
   38.478174021884520     
   38.603264471385337     
   39.470068156363972     
   39.018189422655496     
   38.610618297945791     
   38.287691356761627     
   38.697777119959810     
   39.105765765783552     
   38.372698826482207     
   38.284346037406316     
   37.483707679889449     
   40.673956606709424     
   39.087224254259134     
   39.700171164914515     
   38.776349896137830     
   37.151643324351760     
   37.198784407235330     
   37.692650044608769     
   37.070746518178112     
   39.798246183686416     
   38.295670277601651     
   38.786167631103588     
   39.292219517698150     
   39.864217107069869     
   38.750656213946534     
   37.764159055025210     
   38.085342095484947     
   37.018614591961729     
   37.683140943853907     
   36.910018413474340     
   37.186830119528409     
   36.913921391494526     
   39.769354600497088     
   39.433870447123120     
   38.256696764453402     
   39.305124413632178     
   37.861922554349704     
   38.475612576363531     
   39.580198051697593     
   38.401323678246662     
   37.753728544367640     
   39.495186425490083     
   37.468766288652063     
   38.160659493034643     
   39.058621749106081     
   39.830760851866629     
   36.765154874399450     
   39.913785890167190     
   37.805889029607073     
   39.316836378240509     
   38.775947538454041     
   39.241661746874634     
   38.015305638244492     
   37.024818407786817     
   37.143094142366856     
   38.454971073910222     
   38.103111245535402     
   41.072422173302144     
   39.543125587877626     
   38.629570409892963     
   38.115338703073050     
   37.130651670909302     
   38.519346162753656     
   40.886072126000457     
   37.740128340405938     
   38.253666230348429     
   37.282706101135801     
   37.904357343129639     
   37.134522008772421     
   39.954811680221248     
   37.831037118097754     
   36.678587214200647     
   36.726665793933321     
   38.281043088147271     
   37.088321349963081     
   38.874748545782289     
   39.771045315944079     
   39.268018228674912     
   36.916227929376234     
   39.414285338691442     
   39.780436314197011     
   36.833899749588895     
   38.243844370764840     
   38.525871715845170     
   39.787826356508170     
   37.360818483435928     
   37.018614591961729     
   39.820582840909466     
   39.643258906903277     
   39.865730940636745     
   40.066956370462165     
   36.758089899725817     
   38.064344412513854     
   40.074778989449975     
   39.144541172984646     
   38.315296465471299     
   40.596344021224333     
   41.537112456495258     
   37.166708284704711     
   40.021637649490913     
   39.946578555596425     
   39.457820878636589     
   36.880867774127715     
   38.205623421123484     
   38.091134644123720     
   38.913089080155231     
   38.284346037406316     
   39.307071478420340     
   37.616471602047703     
   39.342373449007894     
   37.837352180803599     
   39.091591640011110     
   37.143094142366856     
   39.702460899057357     
   38.750656213946534     
   38.961284427190485     
   38.919907914342858     
   38.519346162753656     
   39.440514001562448     
   39.522499155324184     
   39.370744413580951     
   38.955856957970845     
   39.509632432696762     
   38.939858619694178     
   40.129165112884181     
   39.130746414747364     
   38.933311247564326     
   37.339650272861235     
   40.300432110349483     
   37.148967047435384     
   39.531051299964801     
   39.462485841381842     
   38.543605401317585     
   38.491435261003915     
   37.642484311498414     
   38.422860871823026     
   38.603264471385337     
   37.173138156135522     
   36.894331405974590     
   38.103111245535402     
