           0   25.650310299910760     
        1000   25.650310299910760     

           0   30.472172728325702     
        1000   30.472172728325702     

           0   20.828447871495818     
        1000   20.828447871495818     

           0   12.922664494246160     
        1000   12.922664494246160     

           0   40.837671433813341     
        1000   40.837671433813341     

   26.811905113779289     
   19.734996844098085     
   23.056901390045518     
   31.416297884668694     
   22.307881861779912     
   23.637653489808077     
   29.226608812464530     
   21.111307950020091     
   23.558108206386457     
   28.549552731078894     
   27.702129585383943     
   20.944750443128338     
   20.613551375135675     
   35.407463334042880     
   27.851246941957168     
   23.122700307266786     
   21.908596378117995     
   31.655306950165535     
   30.303202426868538     
   25.184971937574712     
   22.160682233962223     
   31.581617187926103     
   20.403906322897893     
   20.886000259373777     
   21.908395205814710     
   26.840766662178090     
   23.482802204598915     
   23.637653489808077     
   23.383416007371345     
   27.380581842230768     
   30.256485157235371     
   24.663892593099984     
   29.946209517281776     
   33.764925971052605     
   33.455277105681340     
   28.853384355523069     
   33.062437840487128     
   24.996209798922056     
   24.665562352084194     
   25.477018400037096     
   19.013846263577527     
   12.992574010072786     
   22.267412165892207     
   23.740995975645635     
   21.058317001892462     
   24.929384060582610     
   30.641894191110431     
   30.509276773982084     
   24.239398663479257     
   24.590239334797204     
   29.167666431516725     
   29.463883151712576     
   20.087434520667255     
   31.203424519590346     
   27.265029369652936     
   21.166914328490190     
   32.567433318997551     
   29.843290631057510     
   27.922813022186215     
   20.462670694393189     
   28.306681305460518     
   31.203424519590346     
   31.425408205292925     
   24.029193718087384     
   26.930328642368082     
   23.056901390045518     
   28.296576511614788     
   26.159294652277737     
   25.799017680134103     
   26.316337840869007     
   27.767404020309126     
   29.851606777852403     
   22.797769627682470     
   27.110580833324491     
   32.011396931171369     
   28.077010071085294     
   24.851981044286362     
   21.400925429051288     
   26.343129406508634     
   17.942784159318172     
   16.417038082056621     
   34.149863039506990     
   21.625062460562273     
   27.767404020309126     
   20.896526092441345     
   33.347540727097673     
   24.147692360329433     
   24.459491000282782     
   22.059031314630221     
   19.838202970565717     
   28.184095812225259     
   28.077010071085294     
   24.354771361932436     
   26.241223207442665     
   27.851246941957168     
   28.036154661596015     
   30.207011569890344     
   19.473242881479802     
   27.656451191214522     
   27.470718215952605     
   25.477018400037096     
   26.403792177651340     
   13.669460128232432     
   17.816752406940164     
   24.312732039562402     
   24.772204267971674     
   26.797391040378098     
   20.751884524529753     
   29.736316033865929     
   26.733618561031651     
   24.239398663479257     
   28.232074323732721     
   22.200051362849610     
   28.894520076993363     
   28.894520076993363     
   21.048360472991458     
   36.853596321734820     
   27.987442997130582     
   34.898962167522477     
   29.768410227575881     
   23.130755716274621     
   23.018836790540462     
   25.149485283593240     
   32.188760964424525     
   26.169597019714967     
   29.816597375142802     
   24.582639344978109     
   30.217315943497596     
   27.021683588517455     
   22.017155909062119     
   23.861284946623215     
   29.041536595279688     
   32.894062403771585     
   31.381655692264374     
   24.676646742364511     
   28.171617390869763     
   27.783110138766876     
   26.456879256570449     
   22.265685168465836     
   17.706760476280298     
   26.631526040443148     
   30.587655172559817     
   23.736087481430424     
   30.675239788193775     
   18.561757517929326     
   24.419791486582692     
   26.848928468956153     
   27.551000265075594     
   20.116212428144188     
   28.211526522180566     
   29.180095437226868     
   19.514637832377623     
   26.615166189857280     
   20.857275450963254     
   34.830458336826936     
   32.443632116433029     
   21.882238665077626     
   21.305625245686162     
   40.837671433813341     
   27.889757168031419     
   31.817497455146778     
   31.947838252947083     
   23.875462863925797     
   16.409480244995894     
   28.034256312289898     
   22.017155909062119     
   34.581093967942557     
   25.159260825300343     
   19.208657106056044     
   25.905379151556339     
   34.585522028030660     
   36.675320261978108     
   20.827899996891155     
   23.130755716274621     
   28.888756115043535     
   24.910970309468233     
   18.992488722192579     
   31.922066442487985     
   30.051773768408353     
   28.399930537371855     
   24.443657570378239     
   17.647529393618154     
   26.782939453239173     
   20.863428179474472     
   16.180957163169492     
   31.755847987520909     
   19.720226955518857     
   21.048360472991458     
   23.414502870612296     
   36.512228830909777     
   27.143445137030103     
   33.002032418160674     
   30.783382561255394     
   26.248256662418960     
   18.010196330827835     
   22.630863551968407     
   24.443657570378239     
   22.018424350712888     
   22.913414573865619     
   28.524249025868205     
   27.046348072454762     
   25.688169015786048     
   24.987587915731034     
   28.725961981626615     
   22.359254483679866     
   27.543845704842063     
   27.193966703514590     
   18.338488958465987     
   24.186399642157046     
   27.551000265075594     
   20.896526092441345     
   24.329880236775260     
   18.561757517929326     
   21.370637456229151     
   25.805413530417837     
   16.981566873025127     
   19.292364767927456     
   32.419318685115634     
   22.445633951560151     
   28.181501615249108     
   29.184238132838352     
   19.529690874492218     
   20.196320032768387     
   21.314926971159196     
   26.659949485569165     
   19.514637832377623     
   23.692572873121438     
   27.070627128480393     
   27.623327579894976     
   19.138780300985623     
   29.827487372249873     
   24.206292853424479     
   25.452065564268370     
   28.449762699327191     
   24.584008345235524     
   22.874695967605998     
   30.078393782568725     
   26.877252477969723     
   25.508803455076777     
   28.270267174556800     
   28.208630157928290     
   33.034796950644676     
   20.445078938629159     
   29.795741602628262     
   26.707463417052956     
   27.806691091907396     
   25.159260825300343     
   17.381566136615131     
   28.952461555864900     
   30.245068021338504     
   26.433804076830292     
   25.700702818966562     
   15.109975566568229     
   23.357085429229407     
   23.180941171040516     
   32.239013103110182     
   20.204376694027427     
   18.085615585917086     
   28.206747213759702     
   31.165372481034662     
   25.805413530417837     
   24.712093657295696     
   22.963943603360217     
   27.819881878175554     
   14.389044135715009     
   24.158677493852906     
   20.266153919570161     
   28.306681305460518     
   34.123044592048707     
   25.050555060059796     
   22.405453493003336     
   32.547931823111753     
   26.309888889885805     
   31.445899492457670     
   30.660739664774123     
   23.335894035558983     
   24.938029266657626     
   30.927883688483327     
   29.356914111982800     
   18.636269827195392     
   22.545778945307109     
   17.816752406940164     
   27.097859829372290     
   29.839296963811950     
   24.886117377526006     
   28.007096906562392     
   20.963899153690523     
   29.651198737429496     
   24.789675132126735     
   27.474297862804733     
   17.745298622320757     
   28.770603219794584     
   27.289554536217448     
   27.950826710534457     
   27.762457073420929     
   24.584008345235524     
   24.519276917018288     
   25.939803388659765     
   25.156213160191193     
   22.955580955292120     
   28.925981982742929     
   27.550261115281295     
   32.006054077927509     
   29.370555617678786     
   27.935060969852692     
   23.493651774217060     
   22.021784400667443     
   24.624301808112929     
   24.459491000282782     
   26.845015274682094     
   29.913521018903111     
   29.847906214266459     
   21.840992111391657     
   17.886950748848555     
   29.651391779973231     
   33.510478713569306     
   33.525985168536465     
   24.178802388176180     
   17.096007865521713     
   31.380148647873430     
   23.363779998791895     
   23.220694831853091     
   22.409701780074201     
   24.851981044286362     
   30.589659379275414     
   12.922664494246160     
   30.876883293221340     
   18.085615585917086     
   28.420436646111941     
   25.214418110610200     
   31.799237569528668     
   28.425649511609762     
   23.368466824735108     
   28.052494059969192     
   21.757585094111811     
   26.649332491312602     
   28.138808773848339     
   33.006374197713690     
   28.558299688135833     
   24.665562352084194     
   23.525496509936261     
   21.156163003933379     
   25.744852536153779     
   31.694941487287192     
   32.274588803921255     
   19.979068574052473     
   24.939429768185345     
   12.922664494246160     
   20.886000259373777     
   28.675526894897690     
   25.458031827855557     
   26.499241011358002     
   22.201066036842718     
   38.059259956877384     
   30.653045165719529     
   29.015537637033958     
   24.938029266657626     
   21.248261700851870     
   27.922863742807408     
   28.323223739324536     
   19.498911528003951     
   22.365114795598842     
   27.121776952576578     
   23.169588645620440     
   33.467551573049768     
   26.824614286924739     
   25.970981385428832     
   32.625164034262447     
   23.944223756342875     
   26.087712681563779     
   33.921752084099509     
   22.702349710802380     
   28.205598961220442     
   33.605573154017328     
   28.693564108599993     
   24.939429768185345     
   20.906925661933272     
   22.702349710802380     
   28.728464567386396     
   21.625062460562273     
   29.226608812464530     
   25.681219783652271     
   28.776677670658533     
   20.863428179474472     
   22.365114795598842     
   32.900586153428989     
   26.525416388728004     
   34.633398292699660     
   30.854220005055158     
   24.460489276098585     
   30.259008905550047     
   28.007096906562392     
   23.349352025277483     
   24.663892593099984     
   25.776399248699988     
   28.902406052555701     
   31.328342114731214     
   30.573859897517366     
   23.203030348282073     
   29.126033978636194     
   19.436834302632413     
   24.620383750472474     
   28.714791421681166     
   32.356074889726486     
   20.788095896572361     
   29.471443852116899     
   36.104325027085679     
   22.729183453560598     
   30.202078883792225     
   32.560511360105274     
   27.764542918836703     
   29.567016597842894     
   25.905379151556339     
   26.011503083871595     
   25.859390388493505     
   27.572951897716454     
   21.305625245686162     
   32.104504887397511     
   34.516334144241085     
   26.343129406508634     
   31.952036503029774     
   20.518695285139561     
   23.152598011230960     
   24.712093657295696     
   14.376388235211913     
   21.840992111391657     
   24.929384060582610     
   27.311082295508008     
   21.166914328490190     
   20.821136062668071     
   22.405694705385244     
   26.683125277207523     
   16.959614344306864     
   26.525416388728004     
   26.909818868318361     
   27.350202720248102     
   25.268551159032011     
   25.855536597313407     
   26.767360215288342     
   21.300649030606081     
   25.553859229415512     
   14.389044135715009     
   22.410528409984774     
   21.058317001892462     
   25.727139771941552     
   30.259381045401785     
   22.989151539493655     
   31.429879006153943     
   20.062585886754640     
   26.863016894407085     
   19.631654378191033     
   27.806691091907396     
   22.913414573865619     
   28.556939839583254     
   24.074506835415860     
   16.726188687427882     
   25.012230330084304     
   18.923258471136737     
   29.651198737429496     
   26.340135677028037     
   16.750765721660940     
   27.575586321829874     
   22.265685168465836     
   28.514023526361314     
   27.764542918836703     
   20.204376694027427     
   22.415560134486633     
   29.654839669083074     
   30.537107222875296     
   19.732702311595354     
   17.350364536943996     
   26.680827208942272     
   31.252458436802829     
   23.341412370086474     
   30.857747414218302     
   30.142925722660340     
   23.861284946623215     
   20.613551375135675     
   22.039307627674201     
   29.554570741415660     
   25.349551991205409     
   22.869867953285091     
   25.159648387949268     
   27.648148181808800     
   22.059031314630221     
   29.170726835211457     
   26.404163713893990     
   20.710276084457728     
   35.639800266314893     
   22.445633951560151     
   29.073347397251716     
   21.314926971159196     
   24.772204267971674     
   25.361874641776556     
   31.629653112658488     
   28.181501615249108     
   23.197707257489768     
   15.037040414679094     
   29.818434136381185     
   19.514951896326725     
   33.344032706610754     
   13.419974527213427     
   37.318906369152053     
   25.570572979231358     
   31.734118055732672     
   27.668596952442250     
   35.513149749422986     
   22.795898944970869     
   28.768030079297375     
   14.376388235211913     
   27.815033653599379     
   16.164671609229085     
   20.854636206175606     
   28.787252701829189     
   31.178645900588915     
   28.848311943371158     
   24.019887136848528     
   20.062585886754640     
   18.636269827195392     
   28.079699105097767     
   32.624541549659000     
   18.923258471136737     
   19.449056707550113     
   20.694319886891872     
   27.282790624705466     
   28.768204556072462     
   33.062437840487128     
   28.153023099225532     
   23.597956834842037     
   31.569771372217240     
   30.965982711133865     
   33.109265910041820     
   27.494107453436570     
   32.973156503685594     
   29.198504507172295     
   35.929202722270823     
   28.717818448457393     
   17.647529393618154     
   25.201833655618799     
   31.190672945312581     
   26.989328518814922     
   26.707463417052956     
   33.853989277569823     
   23.822064082923408     
   23.369688359244670     
   26.634221000067456     
   23.180941171040516     
   22.200051362849610     
   21.004298220769563     
   20.827899996891155     
   25.361874641776556     
   31.827868281604811     
   25.075804868170163     
   31.075321899524511     
   24.823459492665936     
   19.915864977799934     
   32.275063291752865     
   29.892010366530183     
   36.240295885540185     
   27.239184256162620     
   27.865628886774921     
   27.811365443207826     
   32.899587149433835     
   29.497461950209768     
   23.827139888713461     
   16.750765721660940     
   23.740995975645635     
   20.906925661933272     
   24.199703086871441     
   28.172870946984162     
   23.482473424069461     
   28.545949375136953     
   16.913612603407149     
   29.274874354288801     
   21.366230480223109     
   26.340135677028037     
   24.898839879904969     
   16.442310283749414     
   22.874695967605998     
   23.379615145001562     
   28.016493004934642     
   28.768030079297375     
   27.598508304389483     
   23.854421703460943     
   26.824614286924739     
   22.931257311824908     
   28.425649511609762     
   20.403906322897893     
   24.987587915731034     
   23.721685423250229     
   28.563437298100578     
   23.979563773804141     
   26.571192213499657     
   21.510269138541165     
   25.606994783887096     
   32.156433953920306     
   16.243107766485881     
   31.812482927618447     
   22.595348524169779     
   31.863004607345758     
   28.816338225914620     
   17.096007865521713     
   27.772250843982668     
   22.746752855806456     
   17.942784159318172     
   27.110580833324491     
   19.454080840086181     
   19.720226955518857     
   23.122700307266786     
   28.418649716673638     
   24.354771361932436     
   28.549552731078894     
   18.022588846185172     
   12.992574010072786     
   30.451946841167569     
   34.423828047815881     
   25.214418110610200     
   27.116479159247561     
   36.432490690729068     
   27.421435103802992     
   26.690146595465240     
   31.143453484251769     
   24.801763234447925     
   22.868583689717056     
   27.197151668106169     
   26.499241011358002     
   28.701111421862883     
   16.164671609229085     
   37.259220243037234     
   22.844761752010278     
   23.414464065198974     
   25.050555060059796     
   17.668887655472723     
   33.786075091923976     
   27.379517340897650     
   20.714764263414548     
   29.816805886417622     
   18.022588846185172     
   30.274381288070877     
   27.563023799735120     
   23.482802204598915     
   30.955105939620132     
   28.853384355523069     
   25.605133686149944     
   25.319581626882933     
   29.754406421244411     
   22.955580955292120     
   25.939803388659765     
   27.239184256162620     
   24.054757855668058     
   19.454080840086181     
   19.208657106056044     
   29.085943858258833     
   29.580869556283524     
   20.854636206175606     
   26.011503083871595     
   25.950382199200558     
   18.422974777989268     
   21.248261700851870     
   26.364524643896171     
   23.954124231354296     
   23.558108206386457     
   21.192528572284491     
   31.065748270713279     
   19.948695793636549     
   32.154425936225437     
   24.074506835415860     
   17.706760476280298     
   25.747250725212655     
   21.373080607371545     
   19.759611067096834     
   21.575483813846006     
   16.913612603407149     
   27.021683588517455     
   26.877252477969723     
   37.302976185324340     
   33.204731481341369     
   28.745715012657698     
   26.394888550588970     
   25.911894098307506     
   28.978245399904338     
   26.566026272198350     
   19.820912903270333     
   28.812604926295965     
   26.489681595048737     
   26.114305715554838     
   30.557677721017313     
   19.732702311595354     
   20.751884524529753     
   23.597956834842037     
   25.555834038335792     
   22.869867953285091     
   36.456446782525489     
   28.456202171563515     
   16.243107766485881     
   28.034256312289898     
   28.810710309380198     
   18.143209106243251     
   24.490330593335273     
   28.807789149616195     
   34.191759876078528     
   29.859344650322768     
   24.312732039562402     
   28.773202799173820     
   22.160682233962223     
   33.764925971052605     
   28.675526894897690     
   28.418649716673638     
   23.617765669854755     
   26.506434990360905     
   34.964327948295697     
   26.097718135184561     
   25.151804635281437     
   17.668887655472723     
   29.758968503489609     
   27.550261115281295     
   25.970981385428832     
   21.692963402434781     
   30.832146915533041     
   25.159648387949268     
   20.266153919570161     
   28.461167435028578     
   21.908395205814710     
   22.729183453560598     
   21.400925429051288     
   16.726188687427882     
   23.822064082923408     
   19.838202970565717     
   15.037040414679094     
   19.948695793636549     
   25.319581626882933     
   29.072692129000256     
   34.357277113176195     
   26.500970347919850     
   31.429879006153943     
   20.710276084457728     
   33.058123656575283     
   21.908596378117995     
   32.275063291752865     
   23.414502870612296     
   28.523005052127949     
   16.442310283749414     
   19.154727341467513     
   18.445973380913578     
   21.366230480223109     
   28.746177044774512     
   21.373080607371545     
   19.820912903270333     
   32.234109870169725     
   25.452065564268370     
   22.985053960190889     
   25.012230330084304     
   30.231180991365907     
   27.043913398413000     
   17.350364536943996     
   27.102831924000338     
   24.199898042550249     
   19.759611067096834     
   26.797391040378098     
   25.988710892766679     
   25.911894098307506     
   33.023329069623969     
   27.973604993150413     
   23.525496509936261     
   23.915303293429730     
   26.248954404629149     
   23.331538899020160     
   26.889484464508143     
   26.586902982925420     
   20.821136062668071     
   16.417038082056621     
   29.356914111982800     
   23.263527688519869     
   15.109975566568229     
   27.998295563559257     
   33.257438109286475     
   30.746947239700550     
   19.498911528003951     
   27.451095323628255     
   21.016893186129089     
   19.561751156901085     
   23.638205189724726     
   26.996264068997444     
   28.392969219379914     
   31.399843898300002     
   24.996209798922056     
   26.248256662418960     
   19.138780300985623     
   32.356074889726486     
   21.764314427716929     
   21.729187593376366     
   25.412175282021444     
   22.101857795321695     
   27.865628886774921     
   17.381566136615131     
   24.891234725676245     
   23.404213765194125     
   25.149485283593240     
   24.115762201251503     
   34.467844431625608     
   24.329880236775260     
   28.902406052555701     
   19.235966440618093     
   16.180957163169492     
   28.239431137391446     
   29.768410227575881     
   24.324082344706206     
   21.004298220769563     
   25.448284490448298     
   24.582639344978109     
   32.021615418772150     
   29.650871765514992     
   23.499268811771127     
   25.700702818966562     
   30.366956256732422     
   23.369688359244670     
   19.292364767927456     
   21.757585094111811     
   25.950382199200558     
   23.434317789480311     
   25.799017680134103     
   26.680827208942272     
   26.005220328971877     
   21.692963402434781     
   21.192528572284491     
   30.002378773437556     
   30.142925722660340     
   20.518695285139561     
   28.766486238427589     
   22.985053960190889     
   19.449056707550113     
   18.830647393290807     
   28.556939839583254     
   25.701391911816657     
   32.097194276977035     
   24.820090413796176     
   19.561751156901085     
   27.415021273981196     
   24.115762201251503     
   26.511253480701782     
   25.448284490448298     
   29.622504701025008     
   16.409480244995894     
   22.409701780074201     
   24.048508313015610     
   31.216629648003416     
   24.548829699245307     
   27.648148181808800     
   28.505740887597888     
   19.734996844098085     
   18.830647393290807     
   22.794372202549457     
   20.123063330284147     
   30.868005632391494     
   28.778206739871919     
   23.638205189724726     
   20.445078938629159     
   21.156163003933379     
   19.934625990623029     
   33.461419826598608     
   22.039307627674201     
   19.979068574052473     
   23.368466824735108     
   26.806508589042760     
   24.178802388176180     
   30.713957575721402     
   28.228293916436883     
   32.319742425219047     
   25.410921096386982     
   30.303202426868538     
   20.950414290569441     
   23.715463044148738     
   26.803518656645398     
   27.077284078224849     
   25.776399248699988     
   22.545778945307109     
   26.615166189857280     
   26.169597019714967     
   20.116212428144188     
   18.422974777989268     
   21.942649224437346     
   20.950414290569441     
   34.465693975904486     
   20.123063330284147     
   23.860842143303326     
   13.419974527213427     
   18.010196330827835     
   21.300649030606081     
   28.708716590959472     
   19.013846263577527     
   35.410177558387240     
   26.223400621603318     
   22.989151539493655     
   22.441715604305518     
   33.687720778226698     
   35.425182858577330     
   29.402074901563164     
   36.884630525230151     
   24.910970309468233     
   22.868583689717056     
   26.930328642368082     
   21.111307950020091     
   27.417753053676883     
   26.795366364702925     
   25.202950693332230     
   30.956144409883358     
   28.252515663172939     
   22.795898944970869     
   22.267412165892207     
   28.143033198581112     
   17.745298622320757     
   37.171533249968277     
   35.429350194982398     
   20.462670694393189     
   36.918766643773615     
   23.322765871489750     
   16.402185017815050     
   24.048508313015610     
   16.981566873025127     
   34.888340387172860     
   32.287158350586232     
   22.018424350712888     
   30.408063837126591     
   21.764314427716929     
   31.051831455840510     
   27.565026299002326     
   30.243914515576222     
   28.888756115043535     
   27.187120697389371     
   18.338488958465987     
   30.874277759439327     
   19.268864141122823     
   28.206747213759702     
   26.473890978910806     
   18.445973380913578     
   28.632057655964104     
   21.575483813846006     
   30.616177370650359     
   23.353635531083654     
   26.067059799804664     
   32.351680984011743     
   27.311082295508008     
   25.594300587034144     
   28.924566977083487     
   16.402185017815050     
   28.456202171563515     
   36.422941452941387     
   27.143445137030103     
   20.087434520667255     
   29.986306324781701     
   25.930482669733578     
   32.539505186445503     
   21.108620585482385     
   22.359254483679866     
   26.087712681563779     
   16.959614344306864     
   35.042141263964403     
   33.009282357900197     
   30.557677721017313     
   13.669460128232432     
   24.019887136848528     
   25.553859229415512     
   30.501075087514209     
   31.686343275616931     
   33.559745903031235     
   32.774801852370722     
   23.391683277384583     
   31.621013424817519     
   25.701391911816657     
   18.992488722192579     
   24.490330593335273     
   28.934107442921043     
   23.954124231354296     
   26.840766662178090     
   16.564408443768045     
   18.143209106243251     
   28.620815099574230     
   27.563023799735120     
   29.198504507172295     
   26.573652248696469     
   20.963899153690523     
   26.433804076830292     
   26.252141527335485     
   32.262512859953368     
   28.227246286821323     
   25.151804635281437     
   20.694319886891872     
   26.889822940613392     
   21.510269138541165     
   29.471206453522086     
   24.529738341088148     
   23.383416007371345     
   37.259220243037234     
   19.154727341467513     
   26.909818868318361     
   19.514951896326725     
   28.218969536363851     
   23.622603150774520     
   23.414464065198974     
   23.721685423250229     
