           0   82.844601660987010     
           8   82.844601660987010     

           0   82.844796236631922     
           8   82.844796236631922     

           0   82.844407085342098     
           8   82.844407085342098     

           0   82.844394630717218     
           8   82.844394630717218     

           0   82.845005316179353     
           8   82.845005316179353     

   82.844651234119283     
   82.844674772930190     
   82.844394630717218     
   82.844394630717218     
   82.844644948790773     
   82.844396520322732     
   82.845005316179353     
   82.844651234119283     
