           0   38.662713633295375     
        1000   38.662713633295375     

           0   39.649533489833686     
        1000   39.649533489833686     

           0   37.675893776757064     
        1000   37.675893776757064     

           0   36.671304810023493     
        1000   36.671304810023493     

           0   41.263240526411458     
        1000   41.263240526411458     

   39.776415337517122     
   38.089932684022337     
   37.781459591995983     
   39.103977326058150     
   39.128410957854037     
   39.471007226222085     
   37.088355203231572     
   38.469160096547824     
   39.044018370583984     
   37.169840129236462     
   38.123167127784960     
   37.377731588223646     
   37.907006118992562     
   40.596915641613371     
   37.885222825149647     
   38.813243878623332     
   39.278810228684684     
   37.829165852031551     
   39.396502139378789     
   39.223153758027188     
   39.493411863622477     
   38.422221089960431     
   39.235230073256062     
   39.193075447761636     
   39.766439998968679     
   38.410309169306217     
   39.003864374113945     
   38.980071898627941     
   39.417506009722764     
   38.165485451765278     
   38.621289471369991     
   38.047633957364901     
   39.550086760111924     
   38.089932684022337     
   37.747381546765162     
   36.806646049613931     
   38.392868139937697     
   38.460709804303633     
   38.576136417956228     
   38.261829903776963     
   39.043763122340614     
   37.717743477172327     
   39.808286786470660     
   40.547076922846458     
   37.936359161306513     
   36.995763014399884     
   38.757579109787606     
   39.596503771542658     
   37.626721299779973     
   37.585101574864439     
   39.712625433726700     
   38.600223501926941     
   37.909339544812902     
   37.662110280439833     
   37.662110280439833     
   38.933691964270466     
   39.238343456155413     
   39.153676473939932     
   39.100647036468978     
   37.850287224222846     
   37.314385588642814     
   40.236532070159640     
   37.088078714342871     
   37.590919123449432     
   39.605657767375824     
   39.564121216728019     
   38.147685446070824     
   37.585101574864439     
   40.633256860786524     
   38.577279551778950     
   37.554933970511271     
   37.631239944016116     
   38.424024336977567     
   38.262022573059546     
   39.047507176993150     
   39.648505095455775     
   39.252468532778664     
   38.059810041445736     
   38.059810041445736     
   37.539684148604287     
   38.151420972653632     
   38.552682697404400     
   38.617544286506629     
   39.191510106262527     
   38.511505405915912     
   37.742982049247686     
   38.366281157004664     
   37.382028698498843     
   38.813243878623332     
   40.077929075525503     
   38.654841657040535     
   38.108964155494469     
   39.564121216728019     
   39.007256108269743     
   38.028727227803948     
   38.528933683699400     
   38.625737243519310     
   38.503951997883512     
   38.773559724324357     
   37.122035033849350     
   39.269982259268197     
   39.905652684121407     
   40.164756527124723     
   37.864232282535013     
   37.502613524736134     
   39.959785414906783     
   38.083076720769476     
   38.257539872213776     
   39.904490182601364     
   39.086794656096615     
   38.824554694114752     
   38.073848947995359     
   38.529549290608585     
   37.991420899794385     
   39.864577191963363     
   38.318012297170213     
   38.054511401400546     
   37.779221216135170     
   37.998313588559803     
   38.409562584784837     
   37.789012400981868     
   38.229085551350970     
   37.936452052406615     
   39.072121766303482     
   40.054435939519692     
   38.018882454776559     
   37.720769463296946     
   38.915354825667663     
   37.377731588223646     
   37.941296816482634     
   37.850287224222846     
   40.165305657038026     
   38.090515970480020     
   38.981008146574318     
   38.535595404627699     
   37.998313588559803     
   38.469099155793216     
   40.047881029644856     
   39.440240402835975     
   38.406737159593327     
   36.854429368430480     
   40.286099232608798     
   40.130533323277113     
   37.743475578478161     
   38.835804691620218     
   39.538197558838057     
   39.707986117962385     
   39.235230073256062     
   38.695732163927808     
   37.474779493522405     
   38.090515970480020     
   39.627707236807304     
   37.146949007235349     
   38.667443871806853     
   38.886805763284286     
   37.163184956660672     
   40.390506670739448     
   37.404334348536466     
   38.035244135798223     
   39.024043284336599     
   40.165305657038026     
   37.339972317312693     
   39.320314449669070     
   39.869813354069741     
   38.573445530822774     
   37.725827348648934     
   40.040495743899548     
   37.825350935816950     
   38.406737159593327     
   39.469139812048411     
   38.825650468000610     
   38.860063593439747     
   37.980624005905078     
   38.025044913123381     
   38.650051897039788     
   39.104414476322042     
   37.479297734453738     
   38.625737243519310     
   39.180039146624082     
   38.596548276905061     
   37.866088737080887     
   39.702070247497431     
   39.012545577710505     
   37.952363768035973     
   37.203309656744679     
   39.376053037607008     
   38.911065393850002     
   40.447255999878507     
   39.163136237365336     
   40.039801234687609     
   38.650737879957056     
   38.306637311419010     
   40.147022085665711     
   37.717743477172327     
   39.252468532778664     
   40.145316290196611     
   39.636664639713196     
   37.928127766545096     
   40.508155245230533     
   37.703199624983277     
   38.693257147719940     
   38.422221089960431     
   39.127375348511514     
   38.621151755479033     
   40.488954383838660     
   37.672211399936714     
   39.930587538784287     
   39.757679247779230     
   39.202603188693558     
   38.939966909229689     
   36.954296942081633     
   39.139234525303301     
   37.385345674972328     
   38.173670840797719     
   38.067198695265660     
   39.278079970168100     
   39.630600208975537     
   39.123025194882651     
   37.665731235898093     
   39.930367888400504     
   38.698565385138338     
   38.008230102050916     
   37.122035033849350     
   38.451510078250571     
   37.923774021582361     
   38.997892788842719     
   39.648710911111969     
   38.224949414940923     
   40.412242134266144     
   39.099772153308230     
   38.802549874975163     
   39.944515992918049     
   40.299985697369692     
   38.609737484472767     
   39.306822132584713     
   38.774620468677476     
   38.492707733372164     
   38.562368003512582     
   39.151084032223309     
   39.014755123283493     
   37.391736588833226     
   37.163184956660672     
   39.643562466227188     
   37.240021692653578     
   38.366281157004664     
   37.945530410648246     
   38.641441823987044     
   38.409225257006774     
   38.306637311419010     
   39.329781479555535     
   38.966263754705871     
   38.620930451869917     
   39.044018370583984     
   38.492707733372164     
   39.389706976186218     
   39.230095155956306     
   40.813416703481742     
   37.367532931501678     
   37.909339544812902     
   39.231594403172409     
   38.190816881529535     
   39.214870229510645     
   39.009974987635864     
   38.636385688337938     
   38.342931612142031     
   39.438976400941534     
   37.169840129236462     
   36.983970885018472     
   37.629225496341277     
   39.840579720825559     
   39.759940730047127     
   37.665731235898093     
   38.129884189841853     
   37.672211399936714     
   40.159830803279945     
   40.647375633865678     
   38.600223501926941     
   38.443194003453407     
   39.235435678546992     
   39.464488400581530     
   39.462738701049680     
   38.034908128668256     
   39.004371481289475     
   38.106879811104328     
   38.506137654775635     
   40.104908146620154     
   39.860040814570084     
   38.424024336977567     
   39.290917444963036     
   37.554933970511271     
   38.106879811104328     
   39.857880978489057     
   39.813420765356582     
   40.097107604382821     
   39.176984556793627     
   39.961423127533273     
   39.124183584447657     
   39.813420765356582     
   39.038044560861231     
   39.841980970960144     
   39.108245858335714     
   39.017282115026966     
   37.227790039682212     
   38.843002408279347     
   38.576174888679205     
   39.808286786470660     
   40.061153091509091     
   38.428091067017405     
   38.648572983528659     
   37.844420720392357     
   38.008230102050916     
   40.061153091509091     
   38.640957708647797     
   40.632198325242150     
   39.287521978866643     
   40.271229677912842     
   38.169588368758724     
   38.140933710583816     
   36.997897419826415     
   36.930333897951350     
   37.749431165807053     
   36.983970885018472     
   39.139234525303301     
   39.395757946821320     
   39.938879523602033     
   38.753739181426134     
   39.693099518713318     
   38.209355055666556     
   39.166509029344738     
   39.834963092183465     
   40.425472500355077     
   37.592319101946053     
   40.028286663138850     
   38.929261975303902     
   38.290218635712030     
   39.566105833326411     
   40.667523643311277     
   39.612408692347920     
   39.575040160257224     
   36.930333897951350     
   39.369625274369966     
   37.914361834892176     
   39.330724997870568     
   37.168742655221479     
   38.228239346866026     
   37.502613524736134     
   37.817324813572576     
   39.296455977301441     
   39.565448921178508     
   38.642374123338755     
   37.817324813572576     
   39.202603188693558     
   37.360810228731282     
   41.260225360702655     
   37.130895736544403     
   39.727810019953587     
   39.740150972001366     
   39.093305030710489     
   39.709199147954962     
   40.663644422468487     
   38.641441823987044     
   38.684471810142369     
   38.400444717061873     
   37.517523674251109     
   39.713359365186314     
   37.345301491284857     
   38.608768793240529     
   39.443946325306889     
   37.935498556015787     
   38.339319548525154     
   38.321785584170897     
   39.112209174464695     
   38.981764438169911     
   37.168742655221479     
   36.839399545999122     
   38.295816600635298     
   38.618628488281168     
   36.919407636035935     
   39.589038905414839     
   38.894977444408084     
   40.146635974534753     
   38.333047317206564     
   39.438976400941534     
   38.773559724324357     
   39.855990687429255     
   39.151084032223309     
   37.995853319278638     
   37.203309656744679     
   37.367176334464908     
   37.469136109163045     
   37.986184741117640     
   37.669616480602848     
   39.351623761272656     
   37.540001252511786     
   38.486596083820032     
   39.066591042598141     
   38.262022573059546     
   38.981764438169911     
   39.313185490225301     
   37.553775195898517     
   37.767251243604136     
   37.534858216481517     
   41.263240526411458     
   40.573328471188916     
   38.341041810994021     
   39.463379892365893     
   41.167520957597333     
   38.894011913820307     
   38.409562584784837     
   38.155241580978668     
   38.640957708647797     
   37.797957379678429     
   37.213590698732489     
   39.775175924067042     
   40.049026104784367     
   37.146949007235349     
   38.144193053087641     
   36.886543833250848     
   39.899729994067819     
   39.823644912661742     
   37.468902442390636     
   39.487303203140740     
   38.217343917856326     
   38.800779731774064     
   40.061318837320506     
   37.945530410648246     
   39.787458353487175     
   40.554497486439786     
   38.133692879075419     
   38.222578877526942     
   36.976722913879364     
   39.156466011533574     
   38.702980043721865     
   36.671304810023493     
   36.858632443725234     
   38.458097659372200     
   38.753544104700708     
   36.854429368430480     
   39.650418865190062     
   38.321785584170897     
   38.503734561730873     
   37.461426478610534     
   40.248030293933638     
   38.418093104331156     
   40.187823680924701     
   38.824110775761966     
   39.965344310785198     
   37.938170438875510     
   37.814155463751483     
   39.353125433710211     
   38.657132693550508     
   38.800779731774064     
   39.163842423072651     
   38.464790793963815     
   39.974107143575253     
   37.928127766545096     
   39.724943316203998     
   39.581211049096446     
   39.855749962666124     
   38.345385499937045     
   38.718881518474838     
   40.457531293141379     
   37.054271087632983     
   39.589038905414839     
   39.990018551905919     
   38.865140817978236     
   39.180410359572654     
   38.856323605498893     
   37.720769463296946     
   37.367176334464908     
   39.657181178485807     
   39.598704911630101     
   39.650767495812921     
   41.249881069101157     
   37.345301491284857     
   37.779221216135170     
   38.349738376055619     
   39.950351040678981     
   38.051614798380854     
   37.598899795024849     
   37.339972317312693     
   37.088078714342871     
   39.339067708730354     
   38.187146868994759     
   37.392602011313151     
   37.569854433245531     
   37.144404366157147     
   38.122302896887568     
   38.499598870992408     
   37.891096907789567     
   39.368053267513467     
   37.575663971637816     
   37.487822241653305     
   38.875886880179500     
   37.540001252511786     
   38.669701949071353     
   36.910667231595653     
   38.506137654775635     
   37.156223693116360     
   39.781163339613954     
   37.569854433245531     
   39.290917444963036     
   40.808731557174845     
   37.799292467453924     
   39.132575790945722     
   38.446094350008423     
   38.733562098618812     
   38.427290410018941     
   39.320314449669070     
   38.650737879957056     
   39.961423127533273     
   37.069050280831313     
   37.749431165807053     
   39.649625207178872     
   39.620284298879042     
   38.693257147719940     
   39.948615648926143     
   36.865022258387349     
   37.057328063726978     
   38.711288859396888     
   37.534858216481517     
   39.047866208960563     
   38.809567852741125     
   39.025967144892093     
   39.826427636478861     
   40.687363851074423     
   38.711288859396888     
   39.811372355838849     
   37.090480334802692     
   37.070785243766856     
   39.426209397354746     
   38.302731629552540     
   38.251546438417513     
   36.886543833250848     
   37.731436493914003     
   39.287521978866643     
   40.426090907957551     
   37.859172940987513     
   37.392602011313151     
   41.000852696138139     
   39.025967144892093     
   38.515898867783299     
   36.997897419826415     
   38.728313558950546     
   39.207859962668920     
   38.445251133141198     
   37.007065081287251     
   39.171765860055089     
   37.802761384446541     
   39.248376950341552     
   37.592319101946053     
   38.251234704828988     
   38.480690781779835     
   38.047633957364901     
   37.559224903904600     
   36.976722913879364     
   39.201365163865709     
   37.954578315951188     
   38.153521125504042     
   38.948379567761016     
   40.478397240445098     
   37.130895736544403     
   38.287556510972934     
   39.290198889562234     
   38.427749760302611     
   40.014315721412181     
   37.584518675584263     
   37.498994826881884     
   37.776329690551194     
   37.829234814530473     
   38.560380212556389     
   38.035244135798223     
   37.743475578478161     
   39.047507176993150     
   38.529549290608585     
   40.191493853557709     
   38.853159325478650     
   39.225676477122626     
   38.511210794809742     
   38.929261975303902     
   39.642147036964687     
   37.156223693116360     
   38.706769553003845     
   37.682588175894189     
   37.590919123449432     
   38.654841657040535     
   38.971217130007311     
   38.575858904806751     
   37.479297734453738     
   40.613177339873410     
   38.426714769860205     
   38.209355055666556     
   41.017731657052821     
   39.266575420018746     
   36.816284605527194     
   38.415934003020411     
   37.165431225192798     
   39.198201618212195     
   39.397808834128476     
   39.855749962666124     
   38.978855936601931     
   38.656511856574348     
   40.875171032413100     
   37.019373249771839     
   38.440571361970918     
   39.030569013081454     
   39.543016510738354     
   38.596548276905061     
   39.428194058519544     
   36.995763014399884     
   39.047866208960563     
   38.458758013605568     
   38.198787524855945     
   37.394641172643098     
   38.042201179481289     
   38.636385688337938     
   39.285633006793901     
   38.030234301976492     
   38.921659287725717     
   39.507561626845671     
   37.666934791137976     
   39.630600208975537     
   38.578372882907559     
   40.293229431911989     
   37.315878492203368     
   40.788080527978664     
   37.961133612351738     
   38.466231797647367     
   37.991218851818189     
   38.445251133141198     
   38.290256817566430     
   38.515898867783299     
   37.632439425949023     
   37.122101056197380     
   40.012332605438722     
   37.391736588833226     
   38.492433868942307     
   37.045731044123812     
   39.250153584200099     
   40.012332605438722     
   38.854949568116410     
   37.559224903904600     
   37.626721299779973     
   40.565464427767012     
   39.390579521587931     
   38.866310278119848     
   38.333047317206564     
   39.163842423072651     
   38.908208111221072     
   40.151621224353882     
   40.601066018022799     
   38.453598160967516     
   39.525436853424992     
   38.129714347469758     
   38.980029500700716     
   38.620930451869917     
   38.747531117327533     
   37.507878451225238     
   38.725173801990458     
   39.515962789522121     
   38.323225413833171     
   37.794321913976582     
   38.706769553003845     
   37.367532931501678     
   39.500597478339252     
   39.623787828529892     
   37.517523674251109     
   36.954296942081633     
   39.100647036468978     
   37.747381546765162     
   39.041883877725525     
   37.995853319278638     
   38.457873881894194     
   37.297059197242895     
   39.024043284336599     
   39.778431744215283     
   39.173240950250964     
   38.409225257006774     
   36.843991365285092     
   36.843991365285092     
   39.740150972001366     
   37.626616850605146     
   39.214870229510645     
   38.187146868994759     
   38.018882454776559     
   38.136162769307376     
   39.027086235067785     
   39.688033066463802     
   39.688245884567920     
   37.914361834892176     
   37.394641172643098     
   37.122101056197380     
   37.859172940987513     
   39.688245884567920     
   39.014755123283493     
   40.491988537951976     
   39.305909667628406     
   39.959171238861586     
   39.173600257056897     
   38.883851192459858     
   37.469136109163045     
   40.569874338025961     
   38.466231797647367     
   37.080211136482482     
   38.837562057544716     
   37.938170438875510     
   38.733562098618812     
   38.915354825667663     
   39.269982259268197     
   40.398004092960583     
   38.080459861207579     
   38.618466005376895     
   38.900137623455386     
   37.315878492203368     
   40.001342725489387     
   39.014930767270513     
   38.855128079735969     
   38.875886880179500     
   38.650051897039788     
   38.507866058672363     
   39.596503771542658     
   38.324505579474042     
   39.295758107180113     
   37.840801484200007     
   39.509126529658033     
   38.991196212332660     
   39.175637814409079     
   40.289842151654852     
   37.935498556015787     
   37.100384062278160     
   37.406448875443232     
   37.406448875443232     
   38.053675338226931     
   37.904520970374321     
   38.381724618453305     
   38.668006786555345     
   39.451820094001157     
   38.023989081270472     
   38.528933683699400     
   37.474779493522405     
   37.507878451225238     
   40.817327880805657     
   37.952363768035973     
   37.045731044123812     
   37.840801484200007     
   38.763182505943007     
   37.781892896733417     
   37.600900637967833     
   39.908348418554354     
   39.544891411198755     
   37.007183546795623     
   39.440240402835975     
   38.478277635769288     
   39.462738701049680     
   38.198787524855945     
   38.427290410018941     
   40.951325620554066     
   38.956218448480811     
   38.426714769860205     
   37.007065081287251     
   38.067198695265660     
   38.080459861207579     
   36.919407636035935     
   39.362883120019497     
   38.838702873326611     
   39.588425953921913     
   39.395757946821320     
   39.330724997870568     
   39.040648033419465     
   39.369847456956528     
   38.392868139937697     
   37.012876250353123     
   38.324505579474042     
   38.290218635712030     
   39.349165743712526     
   38.573445530822774     
   38.051614798380854     
   38.276191904717116     
   38.290256817566430     
   37.404334348536466     
   38.342931612142031     
   37.297059197242895     
   39.751290841737088     
   38.883851192459858     
   38.836849400856572     
   38.503951997883512     
   40.734314423743747     
   38.129884189841853     
   38.373892683732436     
   39.747249906310245     
   38.968605162610096     
   38.228239346866026     
   40.559145572294142     
   40.151899498694782     
   39.507383520330663     
   38.147685446070824     
   37.907006118992562     
   38.824110775761966     
   38.278577058202821     
   38.669701949071353     
   37.996905264793284     
   39.693099518713318     
   37.776329690551194     
   39.040648033419465     
   38.654398704928049     
   39.442876061938996     
   38.718881518474838     
   39.569317547013412     
   37.069050280831313     
   40.171338740831835     
   38.451510078250571     
   38.083076720769476     
   37.879590712704577     
   39.176062409839787     
   40.025983114910694     
   39.001680291021380     
   39.052321981453346     
   37.759669323609494     
   38.534833402048811     
   39.700791035975037     
   37.165431225192798     
   37.263739444646177     
   39.070729900759787     
   37.019373249771839     
   39.188924913773619     
   37.080211136482482     
   38.853656838739134     
   37.461426478610534     
   37.487822241653305     
   39.165063836457520     
   40.769664613679652     
   37.923774021582361     
   39.538858582425298     
   39.842616676104839     
   38.534833402048811     
   39.735816066978330     
   37.941296816482634     
   38.849607561849105     
   37.227790039682212     
   39.616124762900910     
   37.991420899794385     
   38.977861110732384     
   38.773561410657202     
   38.199388276423569     
   37.088355203231572     
   38.486596083820032     
   38.108881837754353     
   37.600377917290672     
   36.841935025045558     
   37.996905264793284     
   39.246119331465309     
   38.753739181426134     
   37.498994826881884     
   39.044445189761241     
   38.802549874975163     
   38.241080972417365     
   39.904824681279798     
   40.205177038080834     
   39.575040160257224     
   39.773297257551086     
   40.304012098086339     
   39.699872108876967     
   39.066591042598141     
   38.457873881894194     
   40.286070801859900     
   38.956218448480811     
   36.858632443725234     
   37.693306628030221     
   40.211084819775706     
   38.838702873326611     
   37.666934791137976     
   39.891453048529236     
   38.921659287725717     
   39.709649780766512     
   36.839399545999122     
   40.518673097985825     
   38.323225413833171     
   40.460164715692819     
   39.125901763521199     
   38.890532763082476     
   39.579144385113224     
   39.500597478339252     
   38.410309169306217     
   41.203327306688344     
   38.853656838739134     
   37.936359161306513     
   39.105985487751575     
   39.178382066784309     
   38.772383783991671     
   37.883044854940046     
   38.740327113066336     
   39.927132150023489     
   37.669616480602848     
   36.671304810023493     
   39.408987839617801     
   40.038049740760485     
   36.865022258387349     
   39.901398008136269     
   38.030234301976492     
   38.144193053087641     
   38.496106357356886     
   37.263739444646177     
   39.848421031543232     
   40.067225468786468     
   38.458758013605568     
   39.043763122340614     
   37.054271087632983     
   37.070785243766856     
   37.829234814530473     
   39.524726404883062     
   38.373892683732436     
   37.908696954008271     
   37.269334479291942     
   39.648710911111969     
   37.629225496341277     
   37.914155079924441     
   37.802761384446541     
   37.574525809092904     
   39.070729900759787     
   38.618431892155634     
   37.574525809092904     
   40.294341267417863     
   37.632439425949023     
   39.251289361073923     
   38.741813282187579     
   38.073848947995359     
   37.914155079924441     
   39.348981924868532     
   39.029481142414674     
   40.301364005338748     
   40.811178362138605     
   38.552682697404400     
   39.321618084122875     
   36.806646049613931     
   40.466651817183298     
   39.412671330735748     
   39.404506566156947     
   39.001680291021380     
   36.816284605527194     
   38.028727227803948     
   39.313185490225301     
   40.821307923477931     
   39.201365163865709     
   38.511490182372867     
   37.007183546795623     
   37.100384062278160     
   37.575663971637816     
   39.735179010891372     
   37.797957379678429     
   39.305909667628406     
   39.428194058519544     
   38.365086752040717     
   38.809278849647555     
   39.005520216264145     
   38.867405223128991     
   39.718790193498258     
   38.516843425980696     
   40.096886026101004     
   37.794604792198790     
   37.789112997516966     
   38.617544286506629     
   37.794604792198790     
   38.122302896887568     
   38.447388271188181     
   37.885222825149647     
   38.772509003175635     
   37.090480334802692     
   37.382028698498843     
   37.144404366157147     
   37.012876250353123     
   39.141744089682845     
   39.051904398750850     
   38.699518541546709     
   38.596124680269554     
   38.815966658784887     
   39.285633006793901     
   40.301364005338748     
   40.650717759738214     
   40.048778786242138     
   37.794081638396300     
   37.269334479291942     
   37.794081638396300     
   37.781892896733417     
   37.213590698732489     
   40.547984881914971     
   38.453598160967516     
   39.169465590550580     
   38.576174888679205     
   39.634430582863210     
   38.251546438417513     
   38.740327113066336     
   37.584518675584263     
   38.556947844078849     
   41.015370375029313     
   38.556947844078849     
   39.375932743559154     
   39.052066190270082     
   37.759669323609494     
   39.943887111901923     
   39.386702430139223     
