           0   27.106500454389732     
        1000   27.106500454389732     

           0   31.905106830792668     
        1000   31.905106830792668     

           0   22.307894077986795     
        1000   22.307894077986795     

           0   9.8807357684702328     
        1000   9.8807357684702328     

           0   37.740952232591781     
        1000   37.740952232591781     

   32.785318375623241     
   34.627203524901269     
   33.285385377823879     
   26.050375366871471     
   26.302135346459231     
   27.860050343158253     
   22.413167917871466     
   33.083389652744088     
   32.749676671143831     
   31.668758270745464     
   26.072058976264191     
   30.043636439397130     
   31.080781259822949     
   29.453585995524890     
   12.307059551961878     
   18.690013264203742     
   30.319955496617126     
   21.356433694445528     
   26.134342245109281     
   32.502319301404121     
   25.387299840678217     
   21.029911247568371     
   21.986672464149720     
   16.746046185624500     
   21.237811808249262     
   33.464260856087819     
   25.593372554266701     
   31.818810353826397     
   20.452925169913613     
   28.485387487260738     
   28.122037114339996     
   26.386692581985098     
   27.631319233721658     
   16.294360500437449     
   36.812789425212813     
   21.659078231876066     
   29.333344003685003     
   22.979118559612431     
   31.038978369852977     
   26.712484120032659     
   35.023267611811505     
   34.523002111738698     
   9.8807357684702328     
   25.870380353663425     
   30.945665843671648     
   26.064200762319295     
   27.576144715266459     
   23.455667767255452     
   31.094827345329772     
   24.443043241517017     
   27.901596993744466     
   26.699621461592525     
   29.712778954637805     
   27.016681927627165     
   34.888891686602889     
   14.050636582876043     
   28.598234637370748     
   16.419697081638308     
   29.111940056890198     
   24.474478630153921     
   25.460139634250861     
   23.147881899428437     
   35.252898655012267     
   35.379569893629551     
   30.770330841402622     
   30.142221357958757     
   30.013225990712737     
   22.170835313109048     
   31.038696715093831     
   27.022384516430723     
   26.975055755791690     
   21.560323372049350     
   28.981491745689436     
   27.442410235760079     
   31.409158025143412     
   31.038696715093831     
   31.731278748060980     
   24.525717874715134     
   24.756626175741687     
   31.861417573921440     
   28.006376104161781     
   28.079800512914058     
   33.096981827679720     
   22.225181396716668     
   33.866697155279887     
   23.167058138531580     
   21.356433694445528     
   30.232072712649774     
   36.802260526750032     
   27.609743521478791     
   21.569119241803516     
   28.776293913607248     
   25.718573842334962     
   30.069152737019536     
   31.814599933465281     
   33.364466367789710     
   16.718728536944308     
   32.939354153143420     
   28.649408959706303     
   22.673122504643811     
   21.944475943522207     
   28.059976699866915     
   30.230580238428182     
   26.071094449679272     
   26.721761336562544     
   29.135510089806541     
   24.133206283057358     
   24.474024309423477     
   25.999945762655958     
   33.839731437738870     
   27.511618816134664     
   27.008530215910259     
   16.879900922624330     
   21.400962676646547     
   34.987437822038977     
   32.132870609881756     
   27.442410235760079     
   18.826473129184794     
   36.539420955973647     
   29.035352821683450     
   19.514667226057103     
   27.298988185687243     
   24.161382229626451     
   22.932855482279749     
   21.210093028272841     
   31.802006559081022     
   20.128787442635129     
   24.697964176448753     
   22.857400390417705     
   27.348940482590233     
   21.837521437407119     
   30.353790978781493     
   27.955443591624526     
   28.228031341683305     
   32.932750923006381     
   16.879900922624330     
   27.213046020952383     
   26.187274290288173     
   20.495395229472461     
   30.190793638801036     
   37.342414786377994     
   28.918871033071056     
   26.090621974901289     
   14.050636582876043     
   33.313753387220380     
   31.840307233000100     
   28.883592588819798     
   31.042632937487841     
   25.537113536608885     
   26.325198299421942     
   18.690013264203742     
   32.916297137261004     
   29.938191744175700     
   27.820282727942388     
   19.928778302412567     
   21.322012878179905     
   35.201818553160955     
   31.639873467535423     
   30.319504478234183     
   19.118375468059625     
   24.164730722208017     
   32.204732826673180     
   23.818499099087092     
   20.452925169913613     
   21.282581418527538     
   14.135398853801217     
   25.251831145107236     
   33.528087231064063     
   32.220139594604937     
   25.961609452516988     
   24.260244162377404     
   25.842863573134132     
   30.369847025561601     
   22.354563108305150     
   26.772464123106662     
   33.511721511448457     
   25.042602990784740     
   27.948478856699314     
   28.573777615036100     
   32.131037013682537     
   34.753891284464075     
   19.624415473401708     
   21.527341415847403     
   33.271158769527133     
   23.953451183727289     
   29.602866198867705     
   31.168963221775993     
   35.893825178203770     
   33.901719837995344     
   27.438316327930149     
   25.507571460751358     
   31.054022713283427     
   36.293289235913988     
   30.248780840143731     
   27.948478856699314     
   21.770717196965354     
   36.384083185752658     
   26.520765842304709     
   36.257355132595805     
   28.152320957221566     
   21.402883219579380     
   29.317553672613773     
   24.456502383768051     
   30.696075967597533     
   25.709725263406003     
   27.139780117655153     
   25.536819681823122     
   31.964527488831937     
   32.470209752486966     
   26.198198291234149     
   27.609743521478791     
   24.100738593548503     
   27.507921150046194     
   22.433032776049647     
   21.278828002292272     
   12.025793597740030     
   22.799752176885182     
   37.740952232591781     
   22.799752176885182     
   25.379104676616841     
   16.294360500437449     
   21.406651325673455     
   27.694613331632745     
   33.697181511986770     
   31.438882862597421     
   33.536697638669011     
   33.774779143025356     
   29.654716626813460     
   31.188756622931081     
   16.718728536944308     
   27.576144715266459     
   25.842863573134132     
   23.004926478245139     
   27.631319233721658     
   33.761562605715532     
   27.511618816134664     
   31.489112790082551     
   34.526818242415345     
   27.679624118056651     
   28.973040728396846     
   32.686341281155933     
   30.188592984821849     
   26.584528497462497     
   32.646129959137220     
   29.548372460214097     
   16.591519438512080     
   30.532661418256634     
   31.687537842573846     
   25.391277287936276     
   31.431228361160873     
   25.775508584584752     
   24.370419606973343     
   36.008694591556498     
   21.400962676646547     
   34.594625320661351     
   26.929436532508724     
   26.009595120846154     
   21.646570908349418     
   28.911265123118923     
   23.421859743450398     
   22.261015827674616     
   35.408833592466358     
   31.227211365415226     
   31.168963221775993     
   23.482237868063443     
   29.209028319124904     
   21.531431908172703     
   24.053012820950087     
   29.035352821683450     
   29.371749680647472     
   33.589261388040569     
   25.987283596253302     
   19.186140469896028     
   32.370506790990063     
   23.768451464927963     
   24.877688904402650     
   23.147881899428437     
   23.840755625140130     
   33.523324633367373     
   22.202939592497142     
   25.391277287936276     
   27.958320607190139     
   27.381566351951431     
   31.724409975169742     
   27.257495099094793     
   25.313550036436194     
   29.338962542565746     
   27.173865854210934     
   36.760902457508053     
   30.646460331353531     
   22.563372659443896     
   33.732700024389167     
   23.911510679092721     
   27.901596993744466     
   24.756626175741687     
   31.799335820153615     
   25.243211798319066     
   28.625015441464111     
   29.276781075087705     
   26.535708731955349     
   28.761168629713776     
   32.573385603746253     
   31.860500307329712     
   26.090621974901289     
   33.265636569248052     
   28.393099596439537     
   18.646726586684554     
   23.191811491533961     
   24.189860953051006     
   20.368001309836558     
   24.161382229626451     
   36.236836168243123     
   21.659078231876066     
   29.615049913299352     
   22.979118559612431     
   28.630437941845308     
   26.306291909461976     
   28.835930846686328     
   19.186140469896028     
   33.505654765380072     
   31.061488723997297     
   26.942512021314251     
   29.967336033492405     
   24.877688904402650     
   36.805023526618839     
   30.734997091943402     
   23.421859743450398     
   23.347114482311397     
   21.089640333734884     
   26.908090748840635     
   29.074259783415393     
   25.241430209097526     
   34.440387972881730     
   32.449933272014881     
   30.141687191702260     
   19.928778302412567     
   24.133206283057358     
   30.734997091943402     
   32.660679481862275     
   29.366426257057977     
   33.866376013596764     
   22.024135493070418     
   26.303613657362192     
   27.051375778700052     
   26.995356268026629     
   21.770717196965354     
   33.681447497119066     
   34.484557029393862     
   26.305170707986772     
   24.456164336456098     
   30.491974906647282     
   21.986672464149720     
   26.942512021314251     
   24.829167904403015     
   30.957904391879300     
   29.041063295815267     
   22.261015827674616     
   28.412471513184752     
   32.500151192222205     
   29.317553672613773     
   22.563372659443896     
   14.037648762914456     
   16.677657004813344     
   27.146135188234467     
   30.826056140039853     
   31.601338432032328     
   28.175504287324134     
   22.781139850002742     
   28.761168629713776     
   25.945062704715031     
   20.177034206595849     
   25.849405178444268     
   25.526291063605672     
   29.847829416109644     
   29.366426257057977     
   26.476576953620246     
   26.533475417960247     
   28.573777615036100     
   17.309570100226658     
   21.089184783554263     
   18.646726586684554     
   24.474024309423477     
   32.805473859273363     
   26.081405200875079     
   25.325607339830885     
   16.591519438512080     
   31.807950553927178     
   30.936692238567154     
   24.443043241517017     
   25.250776537574403     
   19.513056943294238     
   27.769216537501134     
   35.167797323206180     
   28.021284626268788     
   33.190577884110255     
   27.172958407542414     
   26.455046564670624     
   22.290723674498874     
   26.148693474404485     
   25.278288087327638     
   28.423731371592794     
   24.260244162377404     
   28.802520248336414     
   25.313550036436194     
   27.867144581148651     
   22.421259383765758     
   21.106668847041828     
   24.750227212664562     
   22.716017918188854     
   29.670704525005050     
   20.605733166865960     
   23.482237868063443     
   30.339606072194115     
   28.267663325261033     
   26.124169683300302     
   32.449548467161101     
   31.864728297962049     
   28.487365317540846     
   34.772754980119792     
   25.417887303605639     
   24.208694722206399     
   16.677657004813344     
   25.560258116454687     
   31.989174731615865     
   30.247914139201654     
   25.849405178444268     
   25.783902753198639     
   33.609020690920723     
   26.306291909461976     
   19.763812103741280     
   26.949736984585169     
   21.089640333734884     
   24.517820101283426     
   31.509705312675578     
   28.933056420705501     
   27.933666986231586     
   30.048883538492206     
   29.654716626813460     
   19.680867363047831     
   25.560258116454687     
   25.536819681823122     
   27.172958407542414     
   25.946359991284631     
   26.066950862433547     
   27.816700228414280     
   27.368585102894194     
   24.801031489355747     
   26.503143272493777     
   29.144825380119286     
   29.873780835262689     
   19.250961151465642     
   30.105789322197595     
   23.890662701293301     
   31.763354012634181     
   21.814345788761809     
   27.700000860377397     
   19.638685946594247     
   36.187931677222331     
   16.471173929865529     
   23.027065292484458     
   26.146029204371423     
   22.421259383765758     
   32.308399105338609     
   19.638685946594247     
   26.826656980584971     
   23.906909841545886     
   29.833848382133496     
   36.386302108002539     
   29.556989053733346     
   30.610018259712326     
   30.945665843671648     
   27.051375778700052     
   26.018899029685574     
   17.668923572953592     
   26.929436532508724     
   12.025793597740030     
   32.649314361901233     
   21.823046658006355     
   26.050375366871471     
   22.290723674498874     
   22.857400390417705     
   29.301514833846994     
   32.500151192222205     
   24.426612781377685     
   28.172104829942196     
   35.211603460330046     
   34.173614632099664     
   33.348537427367269     
   23.916985305650392     
   30.743196788378189     
   17.309570100226658     
   18.826473129184794     
   30.954882805584770     
   26.631136564166667     
   27.232291215316234     
   30.696075967597533     
   25.946359991284631     
   31.498260776659283     
   31.845466067411177     
   18.578743418495169     
   30.129386919332319     
   19.925640975369362     
   29.139562949904562     
   31.904234452932108     
   31.601338432032328     
   25.961609452516988     
   32.444728538367386     
   29.709845425455242     
   23.768451464927963     
   25.394998753438731     
   23.147051092731861     
   32.609781306719846     
   26.033608108395757     
   30.502078352973008     
   35.622717103206995     
   27.867123496951553     
   18.850410401453029     
   26.198198291234149     
   28.485891264442746     
   23.350489987221842     
   28.947984962501152     
   29.083716511386104     
   28.234973195162290     
   29.904243749472311     
   27.023826815494935     
   27.867144581148651     
   28.192972585633346     
   26.435400766551854     
   31.847338321244102     
   23.350489987221842     
   25.216249772684044     
   25.537113536608885     
   27.061011312885647     
   20.177034206595849     
   30.576641301828776     
   25.506649659696112     
   28.415851690737664     
   23.321530574050840     
   34.597106363385159     
   21.823046658006355     
   26.302135346459231     
   28.898507966235439     
   25.507571460751358     
   35.942115211636668     
   33.573202875108365     
   37.132352948714214     
   27.213046020952383     
   32.239639662744274     
   30.600177582749577     
   30.288108845180968     
   33.113785245344353     
   31.307764716569523     
   28.035430097908758     
   27.203353243256633     
   28.411749861598679     
   16.419697081638308     
   21.402883219579380     
   27.507921150046194     
   28.544837779309479     
   28.414369202808658     
   25.797294150876997     
   26.468520701275601     
   37.201701783206254     
   29.659926074195909     
   18.578743418495169     
   30.105789322197595     
   30.895239485826835     
   25.953654299097227     
   27.440940236695592     
   25.818436765768229     
   27.438316327930149     
   15.068150068318406     
   35.452130582172579     
   25.241430209097526     
   27.474278738698580     
   25.460139634250861     
   35.080983799875995     
   34.916286470329077     
   25.648709171965901     
   32.511269588645945     
   21.278828002292272     
   24.718876174813492     
   27.852148586678780     
   25.705243201877199     
   23.818499099087092     
   25.632158736124797     
   26.970073889560066     
   24.208694722206399     
   15.916812767154475     
   33.637937629351029     
   24.762145232074719     
   32.119703000244954     
   32.179066450464617     
   27.958320607190139     
   28.785932867910645     
   25.540274111283694     
   29.038715065021233     
   21.210093028272841     
   32.133146052967810     
   26.432550124026765     
   30.926913082358027     
   25.622043824267607     
   31.485123733420142     
   27.474795565165216     
   29.338962542565746     
   34.004822274032747     
   23.321530574050840     
   19.658399945403914     
   21.551213995062710     
   29.905095664803198     
   32.737385447453136     
   27.553136318493877     
   32.217435311868392     
   34.718709022078237     
   30.812038174792733     
   30.343571787517565     
   35.628033784015322     
   27.377274850685637     
   28.735274235451996     
   21.814345788761809     
   25.797294150876997     
   32.323683249291015     
   26.004293282257610     
   27.989003925600802     
   30.471748301422050     
   35.237542366865348     
   19.514667226057103     
   30.940571529394820     
   33.606283449131830     
   17.668923572953592     
   22.858065358060696     
   26.596116469927225     
   33.697181511986770     
   31.665634034626386     
   25.540274111283694     
   30.030621558788081     
   29.897866137121738     
   25.684740101727886     
   19.658399945403914     
   28.423731371592794     
   25.263625912150030     
   26.584528497462497     
   28.175504287324134     
   16.746046185624500     
   25.870380353663425     
   33.563548379492403     
   33.903052249578920     
   27.004659659741385     
   22.548029824828497     
   31.431228361160873     
   28.534815126450905     
   22.826363355544441     
   30.378071096683652     
   26.503143272493777     
   26.198459016866661     
   21.089184783554263     
   22.548029824828497     
   25.278288087327638     
   21.974036706794966     
   24.915327404401165     
   31.300503957635346     
   29.197104203720187     
   22.826363355544441     
   19.730943461373229     
   31.832422863567107     
   34.240050206346567     
   33.197393525008579     
   32.570329555511073     
   31.956375031474519     
   26.841738985235903     
   27.858114914614877     
   27.377274850685637     
   27.803112686630861     
   27.203353243256633     
   27.506070043951510     
   29.414897387253980     
   28.258029437591620     
   28.952462578810906     
   27.858114914614877     
   27.618508232935159     
   14.135398853801217     
   21.406651325673455     
   27.416768171247792     
   23.986979363576211     
   26.772464123106662     
   25.350692146674138     
   27.608362381746158     
   22.673122504643811     
   20.724322903909052     
   24.589772641389807     
   25.923412314923805     
   34.276766357705753     
   29.046650790704604     
   31.387829948893295     
   25.674189034606965     
   24.801031489355747     
   34.474843267021384     
   30.008786980418027     
   23.836667186078319     
   20.007216915436057     
   28.412471513184752     
   27.854539431315924     
   35.029287873668679     
   22.202939592497142     
   27.860232678140875     
   20.495395229472461     
   31.181963195029930     
   31.146380992994622     
   25.316698760274640     
   23.348289379169429     
   33.826740749413993     
   30.999671299599438     
   25.276160310420192     
   21.837521437407119     
   35.698638608631015     
   21.322012878179905     
   31.131667045995755     
   20.007216915436057     
   20.128787442635129     
   24.451660288204142     
   21.350277295503293     
   24.323436504177025     
   33.681462963204517     
   33.606283449131830     
   25.216249772684044     
   27.860232678140875     
   24.701252078884377     
   28.028980453279313     
   27.008530215910259     
   29.459101477176386     
   31.435065108127120     
   26.305170707986772     
   32.123338544932210     
   23.890662701293301     
   28.387976504781705     
   28.379758315037666     
   25.622043824267607     
   23.347114482311397     
   26.539610392112490     
   22.703774207412728     
   28.735274235451996     
   26.025776116132654     
   25.294836426512632     
   28.095375303337388     
   28.835930846686328     
   31.731707403309603     
   20.724322903909052     
   23.215405805757428     
   26.066950862433547     
   27.429841931051090     
   34.126454396089713     
   27.643856274295121     
   35.275278001565610     
   26.455046564670624     
   25.096846721934714     
   19.250961151465642     
   20.641038837211294     
   21.106668847041828     
   32.240087799813530     
   22.225181396716668     
   25.256397794494809     
   27.983396140531614     
   24.451660288204142     
   30.954882805584770     
   30.721695258733732     
   26.386692581985098     
   25.434321097851090     
   32.544604830195155     
   23.986979363576211     
   12.307059551961878     
   19.730943461373229     
   25.251831145107236     
   20.641038837211294     
   27.374074558702596     
   25.953654299097227     
   25.325607339830885     
   25.521132512760325     
   29.806666382463042     
   29.323245579435838     
   29.988435123332863     
   28.322121459560133     
   28.079800512914058     
   27.061011312885647     
   34.359098528395904     
   30.092682292429185     
   28.393099596439537     
   29.927903423255838     
   29.988435123332863     
   22.082916558922275     
   24.100738593548503     
   26.124169683300302     
   27.227539411592936     
   21.560323372049350     
   28.625015441464111     
   24.845564440452687     
   23.191811491533961     
   30.719520785802519     
   27.122539370883231     
   24.829167904403015     
   33.436408792730376     
   23.911510679092721     
   21.569119241803516     
   28.350855414817453     
   25.042602990784740     
   15.740046676057684     
   24.467729422604336     
   30.229309854025697     
   28.530618655638303     
   27.801175628484820     
   23.215405805757428     
   19.680867363047831     
   30.092239558408750     
   28.122037114339996     
   22.020884771481768     
   27.015956199356410     
   27.694613331632745     
   25.263625912150030     
   27.577399609886271     
   28.544837779309479     
   27.506070043951510     
   31.956375031474519     
   30.597437680470208     
   31.413155579319600     
   32.851794794699721     
   33.422154791140201     
   27.032683680694014     
   32.755720126206960     
   28.322121459560133     
   21.527341415847403     
   19.245068126160799     
   25.923412314923805     
   29.285124254388077     
   27.429841931051090     
   25.521132512760325     
   29.088951265373382     
   33.552814778311621     
   21.531431908172703     
   28.487873847926618     
   36.285396221193274     
   23.840755625140130     
   15.740046676057684     
   29.847829416109644     
   22.858065358060696     
   27.022384516430723     
   31.120749387496222     
   23.659807078999943     
   27.348940482590233     
   20.979422871689181     
   27.390230858374220     
   26.476576953620246     
   19.245068126160799     
   25.826589407185114     
   30.824329151398487     
   27.495266441681967     
   25.720947425847591     
   27.235639574301231     
   16.471173929865529     
   29.833848382133496     
   25.321774342288858     
   22.932855482279749     
   30.451551442599769     
   32.155171154892244     
   24.762145232074719     
   33.589261388040569     
   30.154548542399255     
   32.535244507946629     
   23.004926478245139     
   28.728603608142294     
   23.455667767255452     
   27.235639574301231     
   26.009595120846154     
   35.683815482880732     
   35.618050775048296     
   33.715613617013098     
   32.385585548668779     
   23.906909841545886     
   37.572227454582119     
   21.276957671381656     
   29.657320585888716     
   28.883592588819798     
   33.571805346996499     
   33.981352625221533     
   34.123045386474502     
   26.205980676385131     
   19.624415473401708     
   32.016394713393325     
   33.365939208459643     
   26.699621461592525     
   26.853530498762730     
   20.368001309836558     
   18.566729996395157     
   27.813016009189436     
   21.846098552788334     
   26.592858437726040     
   30.934711537114683     
   15.068150068318406     
   21.276957671381656     
   25.674189034606965     
   21.192101584054253     
   29.046650790704604     
   30.084316090054983     
   22.781139850002742     
   22.024135493070418     
   26.908090748840635     
   31.300503957635346     
   27.416768171247792     
   26.025776116132654     
   34.240050206346567     
   32.152372135717407     
   30.034373728389358     
   24.750227212664562     
   33.358259083441844     
   25.818436765768229     
   27.608362381746158     
   9.8807357684702328     
   24.333282946795652     
   28.952462578810906     
   19.513056943294238     
   26.383269474294433     
   18.850410401453029     
   31.005008768942272     
   30.495062420394710     
   18.566729996395157     
   28.006376104161781     
   35.859661521627615     
   31.458137240396379     
   25.402247633151603     
   31.255016965460037     
   24.517820101283426     
   22.703774207412728     
   32.101190211076194     
   31.755527523880659     
   21.085211423388195     
   20.605733166865960     
   26.064200762319295     
   22.082916558922275     
   26.716528503083445     
   25.783902753198639     
   28.201907053549210     
   15.916812767154475     
   27.860536447920651     
   21.085211423388195     
   30.044698066474506     
   35.018471608841573     
   22.433032776049647     
   27.227372843407078     
   28.734781258925178     
   29.333344003685003     
   32.850873208190322     
   31.276327652371446     
   30.826380997702781     
   34.662484812010305     
   24.474478630153921     
   29.890248389525102     
   28.530618655638303     
   23.625693376209760     
   29.038715065021233     
   30.157267247444498     
   24.164730722208017     
   24.456164336456098     
   22.550056270837121     
   29.483280258275062     
   26.187274290288173     
   25.858814893405999     
   30.819014747444498     
   33.731558351513371     
   28.028980453279313     
   25.976094800029294     
   27.122539370883231     
   28.485891264442746     
   28.082061097853110     
   29.070033375535544     
   28.739205445365290     
   28.376857482475053     
   21.282581418527538     
   29.736293099952675     
   19.118375468059625     
   24.845564440452687     
   27.474278738698580     
   31.828094312041006     
   28.894544418038564     
   21.237811808249262     
   21.090041802912719     
   30.818449159920348     
   22.350162816645849     
   30.502078352973008     
   35.986891874384142     
   24.209877513126955     
   30.055629393771927     
   23.953451183727289     
   21.551213995062710     
   21.029911247568371     
   14.037648762914456     
   32.589645687862131     
   28.192972585633346     
   29.597107576109018     
   32.172219288705151     
   26.721761336562544     
   25.684740101727886     
   29.041063295815267     
