           0   98.213210697673276     
           8   98.213210697673276     

           0   98.213210701891512     
           8   98.213210701891512     

           0   98.213210693455039     
           8   98.213210693455039     

           0   98.213210693655824     
           8   98.213210693655824     

           0   98.213210705771985     
           8   98.213210705771985     

   98.213210697250503     
   98.213210703229663     
   98.213210697383417     
   98.213210694412993     
   98.213210705771985     
   98.213210693655824     
   98.213210693655824     
   98.213210696026081     
