           0   74.451701184352331     
           8   74.451701184352331     

           0   80.567998890714989     
           8   80.567998890714989     

           0   68.335403477989672     
           8   68.335403477989672     

           0   69.662825266039505     
           8   69.662825266039505     

           0   89.896409121976220     
           8   89.896409121976220     

   89.896409121976220     
   72.691418900968884     
   75.804165219506800     
   72.602273399659396     
   72.691418900968884     
   72.602273399659396     
   69.662825266039505     
   69.662825266039505     
