           0   74.179124026887109     
           8   74.179124026887109     

           0   79.698922834559752     
           8   79.698922834559752     

           0   68.659325219214466     
           8   68.659325219214466     

           0   69.226871821998429     
           8   69.226871821998429     

           0   87.452307427968563     
           8   87.452307427968563     

   73.120307447106129     
   69.226871821998429     
   75.926604752449023     
   70.590964523646164     
   87.452307427968563     
   74.768756972823979     
   69.226871821998429     
   73.120307447106129     
