           0   65.346686451827111     
           8   65.346686451827111     

           0   75.835470007367036     
           8   75.835470007367036     

           0   54.857902896287186     
           8   54.857902896287186     

           0   57.338904562343174     
           8   57.338904562343174     

           0   83.632423412040453     
           8   83.632423412040453     

   62.881441537221598     
   57.338904562343174     
   58.901592413220186     
   57.338904562343174     
   83.632423412040453     
   58.901592413220186     
   82.905926703891325     
   60.872706010336756     
